1113 11
1811 99461 95605 40353 71143 21359 57260 32741 52441 5861 84852 
55821 19439 13627 37418 24572 68043 23936 13488 61420 80942 10193 
73671 5467 76573 91149 43499 1402 58802 79209 96651 98440 78670 
30081 76619 87639 89267 33879 20379 41707 77567 5231 97528 97006 
18858 34945 59405 24727 96709 10719 23973 77650 20912 35470 20943 
97485 26619 64442 98887 23247 43651 33363 21687 60147 63444 98306 
47785 52710 70011 5990 32243 85405 49048 29771 82410 5732 2542 
79641 30459 37077 90360 54432 14726 49098 27729 35669 84409 54348 
37938 21122 15421 81589 92312 74935 79562 93583 11067 65173 46292 
81078 71163 16362 4308 20211 46133 86719 63770 86502 4185 94230 
23579 32372 86488 76132 19296 14216 11801 3705 6390 87566 62654 
59639 6980 54965 34573 86542 48547 45640 51714 32666 64545 60703 
49028 68853 18740 32987 93398 82511 19488 97584 14566 80894 67782 
38880 57026 87078 90924 6653 28609 97314 94219 91263 94779 1198 
84055 29352 25566 32601 12818 77280 3093 15189 75809 52121 84043 
94550 22934 15266 77060 80250 50676 29452 61143 18457 68332 55995 
5535 59255 62648 34144 94396 94693 63234 27000 95891 47288 56352 
21456 17715 6997 36562 20809 22186 12371 10756 44055 6920 33691 
59322 21806 51767 47824 89085 12909 66282 57416 6731 9643 54498 
69379 81614 86720 1898 44847 13719 97789 29961 7898 57072 47677 
52722 31460 68486 74908 81658 79242 56790 26404 50759 53938 48210 
2525 1761 75121 53262 68043 32537 59993 15512 24861 67198 97127 
11580 69096 79800 63126 4711 9761 8850 99610 95265 61572 68896 
63750 74307 50554 80818 31096 76958 31577 85034 25168 71929 86795 
288 25190 92665 70652 23009 8176 33339 28034 43129 82746 97130 
22929 45872 39667 70517 54722 77103 65781 54121 45999 67357 28427 
96553 48174 59523 73510 79751 82383 36504 89507 69177 74620 14696 
99668 83098 75533 7844 16437 3566 88800 99183 38522 49555 82881 
78190 20071 75430 55292 23678 29550 39117 91035 57977 35669 77036 
55326 9179 94613 37708 45683 84119 44711 58129 36642 44379 41227 
12174 90050 57664 15740 78849 94673 92089 28404 77554 8104 86302 
90810 1223 9980 20359 40340 38841 16162 76010 53703 9314 23015 
48316 47022 6524 70261 91733 64654 6902 73938 5880 19076 63987 
1370 72643 42836 96043 2558 71240 11422 10662 95368 2231 11885 
43174 60417 52226 19842 14405 28235 73545 23719 51250 59687 8567 
57774 29948 38127 60254 36850 12064 66134 93754 76052 67504 4222 
56714 1373 6780 27953 50622 17443 61147 90681 67155 4321 51097 
19380 24163 3329 85442 97708 64875 74518 57395 73443 32292 87343 
49396 30372 62019 61460 96507 55772 75338 1836 59995 32051 41036 
4601 97831 91659 59871 58978 82339 27026 63299 71262 46406 87462 
12417 31848 22995 77293 44192 80390 88562 14310 5558 37957 44683 
67578 99417 41189 61176 12581 80852 58997 44632 21888 63599 42463 
51373 23469 1440 71538 50495 64739 42799 34728 90027 93044 4402 
13021 70336 48594 31238 96724 62905 74623 34680 7587 80027 71923 
86603 41203 84504 67454 199 29136 27168 63798 9425 16367 25094 
10865 87905 75589 13430 68531 48143 41283 61574 52545 92131 31909 
1139 61195 66459 1870 35818 1138 9457 15844 10887 96060 57047 
33218 1339 95074 180 66335 58871 9605 82702 21791 58297 70607 
35207 9553 39137 83350 50836 710 35895 80793 70446 74861 41988 
36904 76731 77806 75869 24014 31476 86756 20073 26350 19973 59239 
21423 20153 25573 18120 29758 46102 39912 25881 16708 75119 35434 
93672 58468 86270 32208 32189 67063 40480 7049 9050 77384 21606 
24682 91079 45620 56158 77834 3519 20334 35634 62759 41757 93614 
26158 59878 61199 10086 99790 87080 64621 12734 22514 58292 71202 
8783 28326 41218 13672 68806 48267 60549 84016 69874 23057 75094 
53320 17042 90755 56840 37376 26388 57425 79134 20001 21409 39011 
81200 31496 76627 68280 33943 89361 28620 30062 98389 75230 58388 
39606 88903 65021 25700 87278 49036 33400 10335 24130 86720 27377 
14884 81386 64753 79099 38810 81713 36926 98047 58550 18126 29542 
35176 24232 63485 62363 52852 31373 98579 28081 89762 76011 54810 
54782 1710 42088 3817 72937 52423 65774 97484 17626 18484 78869 
20205 35409 17679 1918 72336 53552 60468 28288 83094 33471 52520 
84405 33660 43198 15778 32238 9105 43366 46076 63916 35974 85613 
43830 39791 58550 34079 43392 56033 51705 99703 34901 71910 35112 
90407 11654 7447 43958 72123 35735 64878 43420 26081 87110 77080 
69279 40714 47145 78384 84080 93221 80126 20053 78833 23955 97671 
75209 58034 78889 31241 47565 78592 3969 57302 13703 32202 68956 
21150 76161 78905 94712 78865 22324 20792 65974 37231 90071 6687 
22202 6280 28593 15422 86407 86473 32081 10361 21970 45117 6222 
858 76358 53787 79450 18153 11088 30979 50356 17871 89956 64343 
96776 84667 43207 56927 43285 9181 31984 71182 53695 54186 77463 
82289 7434 1695 6587 39515 49883 28557 84632 56105 29416 98817 
47719 46692 54796 96634 77672 5151 14504 5453 69494 49107 27947 
12701 43860 71232 59709 75844 42414 13403 30029 19876 33518 37463 
59398 40106 14804 9280 68663 37263 3212 35905 73906 50931 20424 
28701 47564 35922 33853 99896 41375 41173 86829 69322 53874 30688 
78381 13582 6531 20794 64813 74387 78497 98331 49676 37894 76263 
64480 47174 82753 39569 88213 18657 13474 39143 76908 42176 24534 
12829 13855 62256 92032 55028 49084 61353 46729 79772 39733 98138 
86303 98354 62950 98516 76850 99108 48191 52570 75370 50497 37571 
58122 90067 25783 14606 41367 64927 91514 83543 27287 4343 35224 
89543 96375 28079 38626 95554 12634 18397 73114 10771 42526 71467 
11548 78868 86144 10655 27058 38713 23851 77555 76284 81974 5447 
39894 96580 46815 42647 88093 68184 69934 30262 3408 97303 64463 
69314 35928 60017 81948 92152 70957 30545 72504 42423 79920 51371 
66393 90575 78429 42933 14426 93810 19216 34226 99258 96937 30805 
46072 39583 56724 14255 47343 86987 55490 44645 51449 24803 80573 
49292 44577 10550 20248 12949 83054 498 92869 34424 66891 83444 
50679 9823 35696 44489 66867 69922 43746 63803 38553 27644 41213 
95277 79726 88556 20089 35216 33201 9365 97846 51600 58657 42423 
62151 78906 55372 45204 79404 48240 17455 84121 69510 68134 93945 
43032 12622 98638 50780 94195 266 27159 59665 41479 60263 39391 
30035 80352 74607 1062 89717 10278 52662 48374 90528 14812 65106 
45899 97844 82336 31966 15298 66456 39302 83432 98227 20161 33881 
34690 70941 65902 34957 35927 25567 76436 96190 2784 44297 76541 
15217 83186 4084 25495 35848 90285 16023 50660 55390 99749 86330 
37725 69541 1627 42007 46670 22886 40234 66831 56767 74924 75598 
60495 47707 11524 23888 61970 45540 26672 6266 22081 41889 89453 
63992 5211 63127 54276 59061 51613 9665 58809 37943 85217 66177 
39570 27223 12846 62456 67457 17503 57049 80208 30927 17544 27914 
80279 41432 89884 25818 5931 33977 85726 85647 61256 49717 28684 
24382 3992 87745 75995 51484 84381 13937 36700 50557 91335 63924 
1229 91617 69207 56559 48666 49414 87486 4036 77329 5590 83295 
5038 31409 89226 39015 17134 12699 270 66852 41383 24652 8670 
29128 38474 60155 13508 52411 96855 1891 81572 98605 40947 73189 
67812 97506 21854 17225 22817 25890 32380 28408 47011 75246 59817 
36237 52087 14777 86763 52358 81629 28145 14836 28126 95100 91137 
26107 8607 43548 22961 48325 25119 59393 89272 36134 27204 86777 
57988 82256 9594 21704 52463 38002 68716 27708 35645 42779 17621 
50422 29541 69979 69878 95513 22642 98004 90613 13778 24110 37046 
95153 84898 85372 58099 44290 12469 94233 9320 99247 90048 91577 
46667 11751 81866 22495 18293 47400 95967 98899 65021 46388 28439 
72827 16265 23952 95469 52095 52391 47073 14031 89437 42226 36756 
12634 38151 18872 25104 70210 28193 62177 60257 57596 46670 9835 
39461 69165 28128 86861 65131 27027 89708 49345 93293 62534 3437 
55071 95829 93359 7461 42902 7390 34725 22954 44146 47359 61105 
63018 72463 69141 29037 72466 29398 86633 19135 39233 63920 26126 
5187 88607 29083 70041 78315 78429 1160 40848 81866 56231 36677 
75224 1519 17405 20440 36244 40359 2412 83603 39290 3257 93893 
8430 32294 4184 75655 18927 23320 14887 82847 49446 57902 9280 
78530 27942 87595 94785 29102 28442 14476 23160 2945 27526 24679 
20350 47967 60923 98536 50379 82352 37825 91463 14070 84083 23757 
18255 59737 80511 79402 12451 1183 28847 70353 10463 45203 36121 
98058 39987 65224 64327 54463 88384 67272 81990 50889 25449 67783 
49638 23984 55988 69816 99637 47451 83887 83719 71208 39968 81282 
51718 19369 93733 52901 86043 1911 63365 31246 38033 99249 71233 
3256 63575 63523 29466 30847 45512 80355 94123 13294 29992 18106 
7108 99808 17742 54559 21520 39287 25766 99315 20569 15310 18683 
52128 68212 4726 54040 69403 35972 92073 68651 45031 33155 32226 
8553 62621 899 91892 80802 95022 43012 48620 50954 50121 86254 
6523 4679 7774 45810 68273 44915 4205 83583 63599 56334 89621 
6151 48200 59023 79950 40272 27674 62807 11253 97727 71361 73874 
36452 1078 92502 69300 44091 41121 20253 32038 65201 26776 36717 
10801 10413 42816 55717 52445 26399 19315 46605 16019 63293 94805 
12869 43242 72903 78370 6048 84156 76096 15235 95856 50374 54141 
88357 19673 98232 67304 77753 30269 32505 42356 4812 43306 52769 
47629 99023 5213 11854 56164 89646 27873 19456 84450 40742 524 
57353 19111 44400 79335 33033 97462 75191 83407 51602 63547 40906 
87660 68678 18659 17928 1182 61015 60568 82315 51610 8196 81338 
94650 57877 75328 84295 85750 32611 68745 64319 33135 63924 21256 
15361 43258 54290 12823 18448 75523 2251 19822 16429 89912 26326 
35088 45666 27508 33929 6233 9822 85539 52256 28986 80188 10132 
4314 64483 33709 36925 71054 98028 7886 34977 19283 61075 16061 
11399 11724 34510 24749 13975 92159 41178 3886 18484 14092 87380 
83819 48021 93613 31467 71386 83696 60454 51573 93828 2594 53882 
27536 77346 24935 63390 23058 97739 20500 84133 13800 69726 95857 
86137 94475 47659 78295 73479 89372 34605 25397 76751 18423 73418 
70364 49890 82630 91886 48170 72030 85713 88591 25911 51076 65936 
88674 14465 26821 24238 72792 10953 38038 42518 44637 62001 74819 
30122 78122 48298 19493 12726 73695 34071 68976 84940 42261 56693 
67569 34146 42689 77425 19858 31280 3336 8760 35042 29836 23226 
61863 54074 33844 10643 29939 14188 93107 91940 89008 23228 70062 
37305 80548 20614 48826 14618 89591 33765 56879 46283 39161 91025 
26798 16585 48710 58078 57748 57470 93121 25410 18522 92810 17311 
52367 3452 47250 66555 34385 77016 55562 95440 84904 30693 75988 
5518 79520 90606 32935 51111 85312 17044 28098 76336 43842 82511 
62872 1920 78085 20342 32867 3495 38864 25676 58633 91231 66956 
43709 95613 1340 20724 89001 96781 43455 19694 10594 48973 37040 
39026 81908 25977 24337 98952 54076 38500 80620 36586 1371 82540 
14670 21713 15406 55992 98405 78910 14624 89635 45865 58333 23073 
85032 16884 12074 19638 60339 31768 30232 47138 6634 7085 66872 
32611 31422 3649 86687 7748 84269 61099 9120 4635 13596 68660 
57868 7414 67064 36777 59866 94526 20468 56025 17598 43327 72909 
67499 62965 71074 37093 31024 56038 43727 38109 22909 76339 7357 
26558 851 15106 48654 99778 62053 53289 51200 68539 11156 58614 
73430 85761 18479 67955 6228 74505 23379 87382 85240 90879 50347 
94141 27971 19197 50178 9525 95133 73088 85864 40316 37472 24541 
93249 86126 62145 55301 39414 13344 61667 88398 71959 35096 74158 
28264 40877 80386 2768 64256 67768 25835 92961 55941 19975 58759 
12964 70153 68284 8096 81067 91974 86239 18539 16514 79488 42491 
16486 72615 19732 29830 34281 8129 39615 7203 82287 67880 48080 
498 8474 12336 6092 34309 43123 99860 54284 1881 12823 62264 
70165 58746 43330 62138 44985 99696 16479 62299 42187 32965 34913 
61919 621 69195 7874 40237 76398 90161 8116 24478 28485 54417 
74641 34578 88727 55590 34437 80837 57472 85088 80927 27636 81660 
62084 27601 26644 61779 44080 88943 41792 77045 61683 3710 15492 
30877 49411 55729 45101 39571 1671 7405 5883 56089 19872 40461 
44815 75463 12724 63478 32934 97812 44405 98397 17298 6488 25997 
43942 6093 70077 70712 47886 84948 70221 89423 440 1097 38834 
93996 84025 16231 95668 29257 22114 51756 86956 401 34397 62418 
13126 35701 33178 48764 17932 69402 66062 24420 95399 47831 68341 
3302 56369 16226 26076 26589 43475 64343 65513 82309 58339 49537 
36367 54006 16620 58481 43588 3576 58883 77985 3820 9835 13685 
36999 58599 69445 6400 24661 93865 39625 10318 31 42927 66687 
16257 6830 93276 59733 71173 58788 79868 29511 46151 16234 21343 
598 12542 64931 4174 71425 80742 7994 81260 32254 82820 77685 
1698 27046 40172 33389 66672 50490 33421 47425 55003 87505 54255 
48278 85064 63255 44892 2758 30592 28870 56819 51936 29468 69361 
54693 71469 78612 73262 79463 97698 43342 109 75383 45040 27155 
15554 16255 31653 3871 87503 79079 58874 12834 71160 44979 97898 
72241 89871 38482 2833 56567 95302 54769 86035 64662 47288 57503 
43274 58376 74793 40971 1717 74902 54180 84584 39883 7561 839 
9363 49259 26168 26268 8132 39002 97428 90938 74727 69669 18635 
13208 10328 75202 8509 2923 99064 10998 50211 56566 54272 8587 
69185 33069 48131 81913 25076 32715 21796 32637 71381 68986 19722 
97549 95254 27854 74378 92681 18792 49104 175 75254 62312 10503 
50455 70822 13426 49518 81820 1464 43911 73918 47878 13095 44813 
33835 32835 7715 66550 54631 78179 75757 23616 97901 73306 56696 
63582 85510 49376 20200 34613 87379 95454 96925 35708 45908 5572 
86962 95427 25218 26252 77164 36962 11956 90259 19602 45791 23093 
27317 12341 15550 5496 88098 76993 3396 99230 33688 4804 22565 
20891 25004 57178 46096 20457 91930 81804 66366 35328 6591 99619 
98374 32843 76782 35335 44799 4866 54937 90591 65787 20081 40758 
19163 63404 66682 96157 4626 3738 67671 9431 26303 26388 34435 
21308 10310 54893 13237 29941 21258 48565 36532 58703 46938 7202 
35484 20100 89828 78177 12863 18244 43963 32944 59002 63127 34174 
63511 97110 38801 5075 2606 48232 31378 66822 82667 90513 77132 
37559 3749 7072 96644 90142 43605 55346 74906 88634 28656 32832 
78461 6833 45696 96706 88623 16466 93534 89576 50641 57044 86685 
89442 99946 27118 75500 31324 93940 95993 59663 71071 33552 63413 
78144 68022 91381 59575 61195 66286 48208 27677 99119 26668 72337 
82641 61200 60960 99107 54734 88362 87574 49604 75047 14841 49550 
39991 90341 18700 33930 86334 78363 5000 57712 79602 20970 63560 
70982 18371 62581 75095 66579 90259 12039 31074 62595 94680 92274 
61381 31612 47007 49743 57013 96612 62616 71854 46161 2606 21 
64861 74363 24181 81050 17189 19719 60652 38160 83279 31633 56531 
83687 44554 60937 73945 56593 92011 74366 89099 84284 73574 58538 
69118 61143 15550 3555 23758 25230 49716 64191 63078 52403 38553 
87259 71279 55742 44804 31930 31728 28083 63564 26086 49596 8117 
87023 23540 2537 16859 35732 29462 38969 9305 88000 8086 70448 
41376 11641 32032 66607 99184 34049 29684 89413 72602 54770 60692 
66171 99574 92622 35725 65483 94012 99638 15078 39956 24486 76445 
80320 41345 12177 9781 80315 59309 97782 26227 29757 39157 37869 
99616 5763 74879 33665 73275 64292 44093 28044 62810 48090 27617 
93258 21642 30927 25096 21279 46005 65052 45766 22450 45371 87111 
72454 55152 5251 31762 90760 31479 99346 29917 69348 98962 73507 
82053 70453 46781 84171 14545 12651 46980 62636 78096 78065 84278 
9022 3160 43383 92854 6038 89149 15303 51409 76260 25583 44387 
19337 57346 35147 50816 56691 2890 57990 93479 76397 40043 63931 
61005 24213 78477 11482 9020 78939 89578 24911 1042 36426 28071 
44425 29280 34109 33574 82410 23344 47660 7993 67731 4823 65339 
40704 55640 59856 43594 13629 53335 57818 91499 17265 56649 53539 
33568 68131 62559 12506 57709 25296 51375 31961 53367 95801 61241 
25302 67201 81478 48646 52687 89471 54203 57510 92636 32734 50976 
90318 14154 64606 43652 71972 56104 98745 28620 9642 32312 96752 
10027 82646 92287 35323 34020 62074 26516 67647 23315 89645 72674 
42619 38290 63187 69916 30320 58524 62551 880 9499 90695 15034 
74105 34347 87007 68036 70918 53453 15504 3229 88031 63359 23701 
18143 36508 57722 80218 63025 63195 3532 52669 73696 83978 28786 
36882 53893 96933 95406 54270 97813 4905 44964 12846 16836 79311 
37679 22698 88055 91133 76030 91285 16989 39388 14985 35133 75896 
10533 15350 76747 11555 56709 67243 85251 40686 96029 22132 94579 
92961 55365 48848 28599 98097 93812 41445 52759 10949 16951 75458 
36830 45910 89314 28114 62899 28701 80927 98032 42423 29286 51208 
19170 78668 7916 86413 63918 86429 20267 23877 18833 51054 79242 
5507 79653 15164 99320 58924 67923 48095 13701 81207 84925 59611 
70520 50866 60337 37047 69619 96195 79471 36731 47403 36467 15399 
93146 60706 79317 79575 80973 3193 36234 69853 20261 41742 49505 
35425 78888 46255 41175 26982 59957 22381 49733 57394 92902 38425 
17730 67775 8043 13925 47245 44775 99155 21538 98001 92300 82244 
77317 9700 1042 18337 45935 70895 76425 87677 58226 49677 66564 
42308 90852 31372 40091 13232 18931 97485 43960 57357 53042 49562 
3226 4793 96807 85828 3947 56172 83828 96247 38415 98972 43774 
77285 17308 89709 48179 93733 15211 44232 43409 19601 86540 72087 
50973 26630 85320 7730 61941 67106 2913 14982 16667 6140 19775 
51301 29794 61549 7472 13622 95623 83714 12593 39396 60998 67728 
66931 47004 99287 19968 29062 80523 39569 15601 52609 28368 80058 
37928 36098 79825 42861 39012 94808 97355 82979 52409 48655 12772 
13958 93954 64221 47407 15494 14640 86803 14318 82368 91560 99149 
81655 11527 28210 62177 51096 81638 14785 17290 61695 90541 91215 
79347 71228 68053 11980 68582 51031 64389 55064 1630 16173 86844 
65851 1406 2337 80492 88209 16656 685 79768 15804 82340 29121 
81842 82343 80217 63479 34955 35333 63001 25495 26548 42347 34549 
32427 54327 3130 83459 56542 96021 22915 10542 82865 88766 11948 
85202 7083 37984 39684 7769 55578 93316 27935 84700 12983 10278 
2742 76462 45233 38076 77289 8554 2450 57462 43103 34877 49615 
84060 56162 6157 80081 79077 54526 771 5669 4300 23799 12752 
42284 1310 20521 97863 94626 48457 82562 45435 96562 85304 21896 
41794 61206 37012 50348 63656 94474 31277 36360 44089 53163 92522 
88073 71070 71599 80425 71841 77268 84725 33467 90020 64836 34777 
48368 62698 67229 34651 83086 12663 31212 6215 72386 73006 67422 
9397 61180 68904 41698 30283 5263 23613 83446 97786 49512 54516 
7210 29936 64183 84478 52487 97650 12323 17322 32426 98518 17846 
99655 33168 931 50144 64380 44974 22530 75212 12395 31927 36391 
19125 11451 4500 24389 35064 87947 60001 84576 80289 67211 52338 
44471 89515 4825 42121 39664 22147 12373 38182 39994 12028 9176 
78752 62172 73557 23725 22528 86595 73947 92283 60813 93073 3733 
65313 17461 76625 53259 15288 61200 33547 82499 51365 15845 9839 
56190 57966 87330 16163 8165 25511 56157 20193 72515 72736 20192 
83898 96461 80547 70492 8234 72829 31304 1306 14389 96618 56594 
91014 87703 71882 90040 59077 92207 41404 74922 39872 35420 70714 
27201 51584 78879 90540 7740 36899 63054 18302 94918 46951 52590 
75464 17442 60824 48293 86574 99957 508 83191 56550 91522 70893 
66258 81561 67796 96291 60792 42717 73989 96212 13430 1189 47795 
30136 29555 93363 67035 92609 11664 61952 77386 2080 75242 32655 
62904 23534 19228 62860 24042 40245 57236 53390 11137 61320 72778 
16760 57610 33569 59477 31598 29780 10734 70615 15402 40870 169 
8764 7904 30605 58255 7682 7990 60336 82924 40645 61066 44285 
59873 61753 6153 117 18988 59544 49082 80309 32321 3668 75745 
3716 63145 45170 33496 73879 15784 86725 52575 53780 33315 60479 
84385 91571 5987 92376 89733 88912 70847 88625 33196 68547 50377 
39349 6490 7192 36719 93399 25327 69040 97067 1071 72756 60212 
84068 44079 71917 37678 68630 24492 91459 1945 22797 75843 93516 
28785 6044 21074 17696 14718 9698 88719 83265 97903 65894 89755 
5094 2613 83154 30421 71653 80220 69319 82236 40431 53387 64141 
50175 91065 32770 74667 20349 34715 35290 34019 66057 64075 77890 
24957 19597 92608 72483 46142 75872 70385 12036 65627 75479 14649 
48780 43726 24128 66826 13044 44190 45084 4257 8330 95259 33149 
41101 7751 53498 13642 43041 87517 17526 44943 65407 42483 2366 
58014 14965 48509 71713 85350 98372 37339 98655 13020 23945 80207 
74975 90771 93252 19165 35854 35335 27495 31112 68484 6422 76690 
59809 57892 57558 85152 75418 2500 50558 55727 42693 46399 70693 
29028 18111 93869 27399 93277 30350 40419 17221 10556 53221 45818 
41634 72386 81673 76970 37707 50611 45453 81957 27301 43088 39848 
84859 28240 53092 25185 16624 8818 5704 849 79511 34733 56787 
11206 62132 50063 41556 40378 5110 52112 93599 50929 93747 65984 
70428 70716 3690 21038 53995 85647 86166 97084 63321 8850 63150 
16412 71862 79774 25231 77567 80624 42568 12299 37410 53774 74431 
87474 95330 14808 30410 85269 8406 81339 79015 12216 51766 87557 
15907 10631 79378 39380 96797 14287 2701 43474 77437 19113 15335 
57211 82171 92902 75661 24739 5200 13070 78513 17458 38370 11669 
32266 68781 96938 78500 87946 13778 90716 39712 39161 44449 88170 
18538 83830 22792 70653 86531 66266 48089 43470 19428 43126 25641 
12329 18786 50380 55357 69684 66719 72815 8053 16214 42907 76834 
50978 59233 2606 64756 49949 80145 41743 94398 68314 98109 78227 
91106 68761 2583 95199 54676 46054 14626 97803 9521 64782 54415 
97728 20138 24098 2272 30779 32152 18487 11513 46812 69465 70746 
49418 72048 58521 29562 13790 52919 97876 11898 68972 26808 18485 
71556 59833 73162 55436 74459 70964 64957 39240 63205 510 97206 
87304 2782 65811 57282 21269 77324 4093 28561 85897 91339 608 
44417 20900 52225 35162 56603 1950 4134 21237 20435 13516 81070 
93597 68952 55528 2386 71735 32594 65592 72245 67626 52895 75027 
33437 10176 34123 48587 52096 62684 72310 43434 1118 16727 64335 
91170 51889 58764 93120 56023 80001 13555 69539 61070 44978 76317 
54424 47365 85878 87018 12956 58122 92471 3677 70976 25907 51680 
42925 12320 3775 43435 84631 47210 44553 1357 49371 35722 91073 
8134 66669 84923 25961 18050 92288 24857 63028 68605 79281 10392 
54482 4124 61175 50431 96595 2678 59233 60328 54358 2157 72649 
58134 83419 57279 43170 27971 96463 30367 1519 87535 76328 6014 
72457 2288 24064 64745 27145 87093 71176 44252 35311 63484 48376 
34313 51741 82798 36991 10973 43125 29176 50957 15773 25136 34375 
10878 68306 172 7340 36499 39519 32702 12826 45533 42985 15114 
7424 45556 80086 32343 16731 24337 67654 18042 10539 39793 69783 
93337 14611 80757 74289 43787 69540 90062 68923 41742 38767 75055 
41914 83934 11553 19259 16635 24379 64793 59621 77320 10043 5176 
57405 42386 59735 19568 47866 77777 30107 87660 47559 61271 2270 
66142 35559 46057 73509 63447 52806 15250 2213 65687 94991 86148 
77240 14250 40609 39445 16869 38056 16764 26912 43233 11995 69298 
40794 31563 17163 56397 99497 42649 41782 98594 44919 45751 71979 
28802 19259 35426 19434 72336 75466 85121 67326 99440 186 81576 
40049 39631 36271 78105 94222 63183 59164 6216 70307 99958 75606 
25297 94181 12929 67946 35963 49349 12865 81714 21328 79494 38799 
56754 98929 11134 70046 84049 78460 69486 22062 97863 9534 61693 
34133 25465 55915 35143 84630 99958 5449 22413 13390 30746 54421 
64146 98693 90384 13494 49384 72097 34822 28877 48722 29402 65632 
59856 99449 87508 76142 68934 9569 74004 16294 71262 45964 41759 
65003 81107 64215 2787 24382 24455 54004 92956 78876 18149 29474 
69259 31643 78858 79182 4292 45561 27903 33694 11193 25585 70969 
98701 1726 39902 8269 75731 94023 17357 21694 35782 20187 40627 
37823 22974 2835 62278 76978 95791 78980 32953 25264 48238 64596 
41948 65246 6714 87510 30975 78236 36529 56560 49204 35229 58287 
89107 81325 34017 83129 36508 93538 56737 56695 71991 94561 79669 
12652 94665 94473 8443 73645 27425 71534 59709 29848 13482 24955 
36562 38818 93757 52624 13173 50317 1828 48402 8603 28761 67553 
80447 11889 4060 11810 6453 60756 21627 38840 78251 34279 71331 
72724 80549 44975 37975 52083 42511 67823 3391 67466 42212 80036 
61222 94836 93209 49365 34490 79437 57968 63251 46989 76241 12967 
88876 88051 19420 49631 47504 96087 65709 81784 67417 76259 62332 
50219 14233 14414 92730 19883 55632 98022 99922 35667 97070 32583 
28875 46435 67074 8311 42229 30324 93127 18470 43291 82003 44347 
537 69460 91852 34450 35168 73635 1867 11426 73793 52086 63487 
26034 82642 21196 81666 80663 21117 55160 77732 91527 84035 24166 
58600 92347 66396 26751 23299 22692 7868 5301 67039 8406 74762 
58890 42856 9929 70351 82550 59183 81971 72462 60496 8004 55103 
81692 27496 35765 40635 82656 13497 32161 66691 75490 90762 96864 
79712 17512 20162 2403 63207 25464 69443 71613 38052 66159 52296 
85808 74337 34845 44990 56307 7307 43312 2137 62410 25003 29633 
36002 65638 12289 49499 97800 78980 62815 26387 13669 42527 81726 
71658 44930 44932 97122 52199 54372 73000 18358 44494 58808 30521 
79339 41624 86828 24472 84937 88965 24709 47766 18597 60711 13404 
68713 48036 49030 85519 10850 13243 99188 53377 94969 70846 36134 
77727 5793 88333 32098 78794 44517 76592 75428 75038 93758 17051 
61865 56056 39814 88656 18591 87581 45080 79302 38811 13792 65164 
25667 99312 13841 38910 98499 5044 71705 7170 41178 87258 50791 
67338 19356 67411 11854 33774 42838 86893 65358 97716 48757 21414 
75357 75240 40005 62937 20319 57134 39574 34111 60124 3067 71249 
73965 79804 7574 16836 51508 14744 58014 76592 3361 25351 95948 
70772 75033 67549 51436 61925 32906 49152 48508 92147 24508 23747 
69979 25271 81893 64939 2671 53831 25062 5738 25079 36854 85542 
32653 53690 74876 85225 49530 51467 88586 12708 85242 97185 87741 
52790 48620 49665 23522 97772 98173 53496 60106 59747 23474 85377 
41639 88413 88048 95470 51301 31612 20549 88155 54980 91029 79671 
29855 14079 29201 19149 40492 41909 4390 37676 67476 95007 86296 
17140 56355 21894 53139 9850 82000 12885 71151 5203 54525 59563 
31077 87821 48691 516 46196 36845 55496 37225 16516 85352 51304 
83544 42327 91796 25452 84544 67298 92928 79550 53594 47894 73731 
13314 1032 83582 33140 51745 92559 76170 44096 52122 7247 31916 
38639 45590 78113 75484 1085 53164 29826 24263 42294 13369 66590 
71917 76648 51133 39214 7401 68509 30634 55295 42240 43948 94155 
63648 14915 83726 56206 91085 27821 46154 36158 59737 84793 81748 
75676 98104 82834 28839 27929 44923 71134 41299 49340 43050 55773 
472 20090 63175 6808 50725 56296 49048 32499 88277 50522 47414 
72002 6727 38499 99823 90709 74657 97387 75501 56405 73062 11430 
77065 39728 39360 21987 48688 18485 9153 91738 74258 9626 49654 
75259 54261 378 69382 41135 32878 57658 91657 80292 29660 36210 
18790 67309 26918 31274 64695 40246 25505 75584 51676 2569 15311 
28862 62383 63999 47347 71537 93563 59432 18989 43216 72517 73250 
81422 41898 14384 14299 99557 43867 32417 67043 80077 51208 34351 
6995 20308 36873 85068 45813 12456 36743 48382 65594 65606 48591 
67419 50779 57954 98808 48037 76943 42023 20554 88019 61271 278 
40229 75570 37661 84096 45814 4703 64173 97022 76882 8994 55156 
13754 94062 968 26210 68631 87177 29630 72063 73594 97049 22842 
31548 95856 8705 46317 75705 67086 34336 36976 67365 12391 50372 
42852 96488 96186 47556 98487 31033 24437 45307 86189 76018 39368 
87157 40054 45825 12159 69684 17888 85754 66732 78557 17301 413 
87262 1444 76118 92175 73607 13093 97366 85999 1292 40217 20312 
97478 25599 18798 28511 87863 1931 52526 63880 41299 77510 3933 
24950 89669 11443 42838 75422 78175 21394 30549 16414 46483 31994 
92533 76484 5600 43452 73849 29425 44744 51892 49737 42222 77492 
6361 8559 65354 8292 61085 29234 87418 38594 70994 12368 66090 
82438 55206 41511 98439 14427 9887 14853 98737 79708 45212 13046 
85308 88664 86895 52560 33408 38786 2296 13456 54104 46485 59842 
19458 54777 20926 86519 42195 97348 57512 92390 63437 77776 47595 
42774 14041 99849 90488 28894 36411 70195 74106 49457 93330 62769 
74178 45889 34003 50791 86012 85286 4894 32496 45127 62179 87274 
3880 48697 67295 39054 44036 59684 40317 21811 45105 83091 35852 
82781 11405 2572 57018 81600 76678 6475 12755 77274 18479 58644 
49103 7096 44656 72216 11991 14978 17342 74170 2251 59049 60694 
7372 98103 4729 4882 38419 64367 49988 59337 219 70595 70742 
40618 27612 90168 55123 71914 2923 32396 90394 61567 19325 97490 
44049 91541 47307 59028 46710 59304 99106 5758 19997 6478 3861 
62553 49187 80107 26919 37001 39443 64965 7595 48011 5583 35208 
38179 60706 44948 41102 30928 35341 40495 50253 70658 22371 79621 
55791 19225 26330 15094 18330 32088 35091 62635 73776 35470 11822 
91710 62390 48823 31152 27354 94246 16990 32937 29453 55169 31469 
12227 34097 62397 47569 12418 50477 56053 72616 30097 11843 91841 
94254 64765 10171 64168 37682 72806 37944 73153 22454 29653 35542 
9104 98632 62896 3349 15621 33660 70629 8616 65129 82856 80540 
27526 30424 30785 78003 24303 3400 45926 73974 95242 40179 38738 
5412 4346 76420 16044 80117 49572 76326 47596 22940 85430 46228 
23663 88779 99676 57323 59407 46119 60278 42262 64485 87804 10513 
95270 3632 72643 98671 87385 46616 93912 65390 85354 37150 69737 
99601 91021 87680 86999 67346 35276 9939 52775 19330 33602 79380 
56832 28751 38786 40777 89029 18875 5262 14659 29388 531 56118 
2030 37028 43503 86474 68766 8892 71827 43742 16455 9253 34763 
4135 96253 39935 77238 44018 92711 96568 15446 9916 91226 44197 
86530 32003 33225 5404 37265 85711 72619 75623 41829 12475 12651 
85332 98949 19243 32050 8602 62986 48506 17855 97749 90468 51934 
37683 67705 95952 68220 2098 11397 78137 93324 55594 2492 63153 
26646 7896 417 12356 18341 13867 92012 30816 26518 15169 29765 
45761 47220 38367 46573 33552 94049 44321 24019 45983 19831 29550 
79761 88051 31648 91159 4013 62798 84579 44332 25951 49051 52228 
64195 99235 70569 78062 91246 39212 4579 6415 6803 88168 53635 
82997 34740 87187 77045 16888 49032 60854 36719 78582 40615 62596 
10229 69600 4436 10853 54178 48768 36804 3229 38823 999 2463 
47218 79061 31535 86430 21467 37950 93233 47461 29411 14055 20027 
54424 91101 36915 3455 89781 11460 19863 30395 74057 30092 99995 
16319 78773 92000 65087 15576 33055 41736 16575 73345 88955 33463 
4879 13210 54930 42830 44270 2390 10067 58325 22417 64492 87252 
97160 67947 77033 8619 87811 45254 20502 55729 83076 36821 34501 
75075 39735 87905 8129 81471 42306 19300 8251 75769 24179 59289 
30698 4835 41385 70915 14903 37536 31159 79395 24788 28318 85168 
39647 74764 10804 22727 95267 66534 5802 32087 38861 18703 9648 
64592 64659 91120 6898 83959 37197 82667 8138 96486 51192 12973 
37870 59933 65703 75407 91092 45097 38021 57236 30265 15494 69827 
41069 38221 65093 45429 44024 35006 22117 553 44655 86709 65213 
73601 93607 49171 10797 14100 95136 45110 65292 45936 82980 25224 
11638 96213 54143 56736 72060 49205 24827 25380 19031 3722 63602 
21950 86979 45452 56957 46922 46005 39438 71457 11217 13038 2890 
98216 23835 16990 93351 68945 20108 39286 89752 45332 50925 23790 
37301 45487 33677 24333 70314 59057 43364 11862 22658 3141 98841 
5936 60098 45762 51942 99536 17219 985 50400 20109 99201 74235 
37099 92552 81007 95034 69664 70758 78192 20588 32374 15493 66075 
66051 39826 74215 62935 21016 86078 85593 61984 22744 91530 22081 
68507 81298 59443 23552 82283 9842 43661 19310 21904 18586 11861 
2910 13619 19351 11494 91811 39940 43868 45130 43841 47746 22782 
55883 10680 81626 41960 34099 43609 64704 63455 3517 71037 44752 
786 94589 64862 10629 76076 84172 70360 32488 33859 73270 83934 
53210 22590 13571 30976 66458 96528 74818 52030 19310 68527 62710 
38762 48313 34636 82371 50843 98091 85888 21880 80670 86675 54295 
45531 35130 68198 67529 5489 38512 1387 16585 22446 54597 39175 
73844 85574 43459 70371 98218 33316 27507 66744 96026 66269 15056 
68488 48640 65899 66579 72354 25605 85075 96855 17727 30605 31984 
85925 35960 75300 24436 37347 91885 84709 29770 68886 58552 53170 
50172 28923 51387 83488 94257 55957 17339 60526 8839 85828 9165 
12565 90233 19345 75997 75307 16200 93724 5911 48184 79648 41871 
61311 41911 17044 53195 64446 46814 59908 22998 37811 10079 89748 
27024 93567 84004 82982 48732 44529 29647 34559 91521 80039 24791 
10866 56036 97 64893 49759 43835 13076 67234 23532 74387 46971 
78403 65409 11416 63044 63143 34414 854 73222 61988 27878 4614 
83819 48686 53346 66174 78334 25732 95522 58372 88350 44214 52234 
26274 9106 1993 70109 22182 7053 31468 34396 54024 9870 37631 
65440 72914 773 37681 11594 11821 37495 39473 54262 21313 25985 
45434 87488 42145 8992 83009 38344 97343 65049 90578 23616 74155 
92571 31551 34163 37450 63019 68559 91474 10716 44016 94741 21456 
82616 32421 33051 94437 69916 72524 86525 29056 36335 31959 54370 
78481 40951 75205 16824 38293 40253 7401 99736 14407 37799 31287 
48570 75249 94306 54956 4549 42848 98972 99290 64305 81588 31710 
97356 13850 39452 7705 375 68508 44040 70161 60704 22520 11111 
35908 77171 87232 76161 22399 86967 28394 60198 18253 76965 73273 
50386 31920 77822 93234 68718 77111 95365 88132 46647 92720 1982 
86100 38251 40184 92434 20118 10344 90965 80465 21455 26872 57636 
8686 40860 80035 33480 69254 78059 89560 46218 51331 77772 15964 
29153 8832 22509 44090 4196 10640 90738 34743 12622 14663 72994 
52806 44923 93112 63150 35887 73577 22432 62760 69039 68945 3619 
49073 40251 10699 27131 29811 56918 16288 7582 10708 45441 16414 
33217 89532 20611 81685 18095 55354 32133 32758 66174 22766 77681 
59286 23742 13568 70689 46174 14154 39727 52946 55600 26626 93197 
66299 53757 23007 23216 70045 68417 71752 53313 84831 42795 80671 
43268 24479 98766 36448 56613 69350 40449 79379 84857 37561 40947 
98425 8249 87122 50405 85803 77894 6004 12428 71090 72304 4011 
31924 33346 11882 340 5097 3021 22997 85720 83692 4092 10198 
20283 78367 4637 27459 18815 21842 12316 56376 62790 10740 2451 
87738 98973 88254 65631 4976 38508 36720 77280 80346 6470 10626 
92229 6810 53550 33076 67635 39269 54595 9553 49468 12704 87920 
91932 40164 6735 13774 52480 937 76564 1046 3389 64301 18 
29469 67758 4995 67978 4477 20101 86150 10948 30727 16204 55585 
84278 49281 61046 23546 3875 70599 10840 54406 96346 2772 94570 
3080 54373 84876 41844 68763 85923 83060 70890 23767 12529 38647 
28762 18333 80951 86691 4482 29725 17417 20687 23137 39521 7794 
84183 894 49496 92609 49561 3901 88954 52333 36298 29860 44532 
21173 71704 13294 7095 54764 84184 30863 5119 60657 97452 23452 
41608 84142 65761 71333 39386 24274 94470 78907 32068 16479 79801 
19390 9087 29362 61119 98041 19521 97417 27900 1880 18589 37430 
15174 25685 92194 37185 94375 97313 97842 29652 58591 77276 51621 
62179 86436 91007 86453 18731 7739 56348 35210 25367 75738 82124 
92556 36856 17990 12076 72099 45890 51783 90689 83321 66958 54200 
13340 41969 86401 48480 77637 16052 44897 92740 5499 7075 79175 
96506 93529 35732 4245 49876 8769 67439 63440 90893 59994 38123 
8883 9896 10221 92600 61680 38736 13746 66464 92936 27087 8432 
79336 13393 23895 33215 58290 16634 38714 65366 33635 73047 96721 
69368 15118 84423 78137 82557 47862 6855 42550 23811 53565 52446 
71860 46165 14125 10595 59911 80589 41358 24824 26847 58520 76044 
50743 29561 34334 5203 68276 37526 38839 79149 34246 46033 94267 
18668 61996 76823 4356 68851 57199 28168 22416 9644 37854 6407 
61597 48449 4144 42185 27633 28969 6859 86154 5012 95429 15714 
77173 631 21816 14698 77297 964 48944 23329 33057 5438 85325 
9879 9795 54176 4904 75790 14418 14549 13643 20825 76146 99919 
24969 56157 27552 91765 63016 51532 34604 96271 67246 49603 96903 
26889 64302 74199 65680 51072 35355 98738 56511 20679 46443 4132 
12681 51348 79922 64926 65897 93565 23577 79869 31309 86374 73852 
96688 78138 74695 48219 50568 70965 53292 171 67867 18007 2299 
79893 83687 91198 15247 82424 47708 73753 28867 51840 24261 80215 
69588 89187 83938 978 12764 1632 32288 36964 75484 28975 52928 
88005 15021 3496 58970 6139 41494 64663 24146 81620 44555 7832 
72817 97629 28083 20525 9208 56950 10191 71296 74991 79780 60482 
96755 80758 11072 98387 50872 85863 11696 17674 38791 99702 32695 
42287 96498 76661 21607 61160 806 3226 43542 46465 76043 78997 
74548 34394 88205 31497 44586 97327 44314 62192 95636 41068 80776 
6707 77281 31648 92571 26804 49322 69188 64332 19843 11474 60829 
96504 70908 21988 97310 74134 3356 81601 88003 82354 56149 22397 
8384 25472 4809 5711 69787 4827 1346 48681 85603 45880 63789 
17250 76277 28419 4398 45464 92751 24241 94765 91406 58571 65672 
13393 55880 77632 54577 75308 65635 36930 31456 25858 45314 56928 
68494 88852 64541 73321 90198 13222 58923 73905 14837 14000 50181 
43256 18398 33472 73833 80467 28236 65238 39037 31735 16457 32744 
9366 71034 8051 12827 7963 39507 76512 91105 96435 45005 79956 
98803 18325 7980 12024 15075 81885 64688 29075 69892 45770 47473 
3363 19602 65766 69427 22666 4803 38988 39123 37547 48354 10157 
45598 99009 55947 85105 75520 84878 19365 58352 64834 18167 14503 
10640 68018 29578 30351 32705 96480 38069 16301 81780 79260 73730 
47545 48686 96396 52348 87674 73346 89895 73854 83503 35492 10688 
77276 58423 24035 62154 77789 82387 64814 95956 34716 75454 1800 
64295 43631 72332 98601 81700 88634 80380 60959 62363 27925 47471 
96586 18099 72971 69931 7994 84652 91260 81313 95340 68535 39736 
57201 30688 55351 77414 95502 51306 12130 8781 90933 14251 52412 
63265 12851 71939 51898 93232 70724 52087 58983 18195 48672 77082 
28992 56429 85076 13643 47688 4215 46810 16223 43951 4010 84738 
99302 81425 18066 88434 31381 26847 17193 45632 17086 80458 58483 
26851 70182 89541 97575 22268 48523 53596 8767 63432 20415 65196 
86334 34058 50711 90549 18694 66934 72326 60532 89498 71627 79783 
7563 97888 11163 72238 15080 56795 27150 33364 53104 54001 3545 
80472 89402 25813 28994 80825 72407 30252 1239 37603 16586 35297 
26140 7134 91819 93074 79461 52350 20397 88914 32132 27961 24627 
81122 38025 77534 75743 65175 10897 66673 57002 14442 47144 46403 
78083 13965 27227 50489 44217 28466 25918 60803 1590 89885 5764 
93409 82958 85225 83585 3355 11964 53543 69143 74419 34664 7167 
51952 48233 10168 676 14905 67170 52945 62050 51399 31027 76015 
78627 19343 20231 44919 83088 18861 46509 72973 24625 77744 93757 
47676 99155 34938 97467 90524 41907 71885 25187 86901 61664 11246 
97069 62340 26152 64238 15284 88202 15637 84139 2042 32090 41308 
60100 77009 62222 16787 61345 73021 41412 76915 66778 26914 13896 
39542 24381 4419 81450 34092 67434 68350 95756 78680 3245 95922 
4831 67483 49033 30859 20946 33171 70728 53036 12305 30828 67872 
74527 47615 67043 47548 26854 43957 52152 91595 57853 91694 53802 
62273 10969 87895 29706 79320 21476 46212 82565 17398 51044 87874 
66431 19729 46647 37428 28284 37509 49733 96939 5380 62086 44553 
72423 9633 9233 54207 61785 828 49886 91306 54630 49985 2274 
80351 79691 19420 1827 63730 39811 57052 52600 27685 61309 72329 
12158 36563 38439 49667 24122 35377 92875 86208 17757 3123 95842 
26990 57330 95453 65645 45043 86758 58102 95028 89033 76279 12545 
8452 15932 76275 48264 10810 28874 13775 72119 39029 25933 46508 
77469 13426 70630 12845 6300 56838 30602 9424 90506 95420 4580 
23784 98891 49623 10542 56992 44651 37401 71098 57196 83680 87030 
71297 69770 97841 170 21371 7785 39199 85131 54294 16667 98558 
24923 67340 4857 19587 35768 52108 47919 31187 56689 71704 30078 
6311 82246 24896 88789 57473 33820 83811 41152 20850 55107 10922 
56517 55277 70120 64302 32303 55251 56422 86797 53808 19172 54136 
96492 38759 89905 48600 86679 58918 5288 96209 26822 49426 78454 
89546 76042 73753 23365 59852 14904 82042 14959 63653 76385 8062 
33773 40687 78192 89024 34935 64989 80658 54107 56951 77149 30693 
84682 25748 55198 43600 68863 51406 8248 56116 67686 35620 69984 
41438 58986 29835 94169 78854 82621 95649 55239 28510 29421 33752 
6701 56271 68687 71690 36928 60621 28641 51903 91314 51149 15478 
84338 94749 84341 35743 40824 78283 41255 76444 48266 82693 73256 
15928 14687 52110 36375 10335 7348 64885 77583 78927 9413 71680 
47613 81103 46434 46060 47570 98338 37373 98720 13815 59537 31294 
35982 95280 72118 52092 74361 86389 357 94880 59644 54112 9567 
11753 90488 57729 56928 93199 35312 73681 2611 6991 21294 21541 
53426 5180 6937 89590 42554 43483 3404 39917 74778 77213 73024 
84722 29304 47384 8936 29662 42264 68581 21600 89658 18160 12087 
47386 12915 43113 82698 86596 45724 27516 45716 5091 18768 50897 
12029 8357 31277 93339 49588 71194 68116 26800 44217 90665 56105 
91602 37427 23593 71692 6007 45193 61349 61995 95108 8734 74910 
76047 29259 99332 59597 94602 45048 64689 51196 33771 14544 97380 
65048 7882 46967 74068 13825 11593 18285 42316 5524 47713 79743 
29117 57231 85751 12137 18579 47745 45071 65140 60481 21117 32225 
59812 80714 26826 4859 83229 15848 76457 97773 13227 41504 5655 
98021 15572 19480 47441 71684 99623 52965 57223 79365 19909 14453 
65115 69873 33032 50686 14943 98172 11166 73887 30397 8805 92427 
95050 51491 75656 10898 27948 73428 24125 69452 16909 59973 22850 
36389 7413 32360 73838 60378 89583 53203 80287 4035 56144 50159 
37067 6830 2928 73066 55823 76815 41289 2454 69242 36338 53946 
82724 85063 81894 56151 47015 89172 73061 6987 49849 47276 14400 
82209 21114 12604 71792 74317 30718 75827 30460 18703 50721 75117 
21632 61613 68767 36273 2901 71221 43341 77066 62993 26064 99956 
44886 20042 46970 71885 93103 53957 21733 78205 6183 3941 37145 
18787 13559 11461 87332 27213 79749 6035 15760 92692 65494 77373 
99285 39593 18100 70506 82935 95166 33498 46825 32947 16211 66867 
79917 88096 97796 71700 47655 76001 77883 89423 13145 34497 2982 
62434 59655 68022 80009 65690 83782 10526 31183 61154 9811 70777 
17080 18143 91538 50072 51641 76189 83020 5678 43056 62936 31600 
78678 34636 79255 92505 50345 6504 43477 22668 47313 5910 82324 
15334 23745 48013 99116 34271 17023 98096 81909 25626 15175 51 
54990 3073 89520 31178 86093 95198 12060 49029 26798 90739 21491 
43879 83243 71836 50383 64546 32331 97696 70456 14654 50856 32027 
493 87798 4125 17516 23719 86034 80969 76721 86086 73785 79795 
13431 4963 65887 8628 54850 14915 73253 45588 74233 54959 66658 
83896 43168 31203 16226 78691 39486 30880 29546 9339 31373 55171 
13464 86717 78890 37325 5511 55611 61237 79297 73232 74668 22086 
39118 21122 76936 91861 32202 60351 66093 87161 27008 49988 68155 
96038 4040 46845 73350 34920 14218 82690 4120 69389 33980 28663 
48278 71305 34174 41715 32541 51297 14946 7208 73383 91892 28331 
50319 83752 60533 10669 87671 85520 75504 75486 53674 9367 79526 
38346 82718 52273 52564 3233 56393 21952 37213 22882 8056 46345 
94883 87599 78886 46180 2544 23921 19562 32262 52252 7707 16013 
50611 18376 41511 73957 31706 16996 65457 41074 96522 3802 23791 
48794 56366 64851 43013 78318 39890 65895 24201 86235 60778 11799 
65121 44784 52170 89042 64346 84433 79120 72054 38272 67557 28256 
79783 79340 59963 96779 44796 1036 31127 48599 62654 17747 42791 
27504 60761 58936 5220 64482 83137 91456 63086 32762 94403 7869 
84932 21270 10042 7190 38216 82096 45463 43599 10351 25245 22938 
70314 59851 5560 9176 28804 91986 71830 46551 34777 37160 7311 
93713 42381 9620 14675 33836 72706 47437 66065 18402 70195 87335 
28444 77386 25550 10539 60675 69149 58717 23746 92087 66858 21423 
35473 13860 50227 27459 85691 96779 62236 60677 41916 93775 3057 
51536 46276 74720 62069 31539 40784 80471 1733 65945 46741 16945 
91495 95107 77620 60643 53823 39193 90556 58507 60616 26029 72368 
10843 53488 95885 7621 53550 56561 49537 85151 97446 38900 31426 
9991 38795 62965 88603 57092 2524 54547 3832 19470 83869 98939 
34916 82338 90588 74109 72894 49095 34725 36749 59289 45568 28063 
93000 53189 19439 49560 40552 4589 84832 17278 73842 32650 56073 
36806 21252 13164 77157 13625 54823 96627 97494 53761 69370 17658 
44349 43478 28378 31270 78203 65127 28385 61597 31016 21384 52612 
50455 8770 30991 92871 93603 48269 66712 64079 4342 41344 85331 
55333 18500 36782 10156 52954 72103 1743 22323 89761 46092 3627 
18138 15188 19657 21091 81400 81254 89934 2783 33866 40388 11554 
64857 71085 42983 50952 75623 7061 55294 54793 30218 48454 11119 
4826 58610 64073 76929 98180 24222 4515 82099 65677 60480 97287 
85334 81571 78687 66587 71504 19296 38279 49718 68677 40962 58629 
11659 29741 34251 56547 22861 26870 24591 71315 37990 29418 67751 
39889 44173 65931 64112 48689 48029 67615 9168 83142 52948 28566 
99655 57361 37896 18951 33467 25441 87628 74429 84070 37114 4169 
56148 31487 27031 83018 56079 36172 21007 85497 3923 98724 67496 
7680 661 16184 55709 68276 63180 76677 21223 91746 76332 78584 
67468 33109 49877 92909 58563 62133 76979 95677 4128 70953 64991 
68986 91797 21069 5158 50631 44392 46908 49354 11887 54588 50015 
65899 48123 18290 29078 24799 77340 58650 38957 93750 26117 72066 
43627 19026 68456 5759 33831 64132 9887 4783 66949 78874 96580 
88018 21858 85037 70236 68766 34390 82124 61180 84405 48022 47129 
40521 77100 9754 17860 35749 48712 49437 99693 58604 93064 18718 
27059 36649 52549 29018 84363 95159 95967 1062 29565 21811 22920 
14601 92047 29512 86819 11996 28518 71223 60018 75647 49571 74944 
85402 5257 48519 71940 54694 48212 30543 85584 4756 95430 60059 
95133 24447 44422 28117 58240 45484 95509 80051 6231 10110 9924 
35743 34755 21920 2088 5977 19765 77735 93375 94709 962 98633 
81055 72902 91153 67093 41272 76737 71849 36701 74622 4807 98975 
19043 32925 95041 2354 28433 12918 8585 76370 22842 82155 11124 
44762 84243 54929 64527 99805 48303 97063 766 84762 15943 11495 
75915 83036 52767 90478 92711 27294 65099 97519 64095 84143 30443 
59135 24323 96703 72053 70735 73073 32721 52889 84197 77484 74959 
39125 79837 12589 25255 14725 13355 10016 30668 62677 23757 51530 
15443 14234 44241 80564 79334 79586 82485 1302 47855 41620 63452 
44557 51499 34186 17629 84221 87075 39653 99531 99860 16604 17193 
12448 41859 31919 63631 89703 413 26307 13459 51944 79578 27694 
34011 97968 44854 13596 80453 83983 99278 59899 47434 43834 11397 
81620 99291 33444 6520 76770 32974 44207 93374 50168 94482 35233 
19913 58112 24935 20326 22246 38394 10096 1823 3914 44107 99791 
48768 95530 18069 70577 94807 77968 18010 76468 27192 37456 75758 
60636 81804 52527 31437 26010 83727 19431 58318 56786 39344 16430 
19547 59670 76503 95769 69767 16152 99683 51700 53769 86278 47230 
71839 56854 79863 49806 12691 56330 76998 87974 69914 37634 7603 
60267 6897 33613 43994 26328 91932 779 65672 46188 20327 63168 
22690 16095 70761 38842 53604 22461 92611 77708 7517 2275 72389 
87380 52082 85080 81537 66906 10879 51450 42366 18483 11717 49263 
89923 93538 75591 19680 94317 79089 3694 52470 42257 64211 6391 
13017 40879 97823 73305 71317 75530 80822 73592 47918 6028 25673 
70824 87565 30406 81704 39014 72772 38013 88558 59862 65762 82095 
35452 85443 14238 52368 89137 4534 94625 91175 48753 45468 32053 
46575 56600 3369 22104 75248 76962 7849 81276 40461 78673 6666 
70867 98203 45681 81466 74042 72065 41327 39804 54160 14605 25246 
6224 66973 52209 48585 61597 43383 97338 44892 13263 81739 1491 
16632 41670 76739 31420 49519 95842 71882 66018 2507 80575 64221 
86015 62040 38262 58080 3366 78066 50066 17972 41138 94117 84945 
31174 42701 84369 12383 40039 67087 25646 21777 68578 80106 63447 
83143 11525 50792 16810 83407 16810 19318 1808 18857 43159 63848 
57119 1238 5041 73012 89131 60840 51976 83247 83611 20976 63775 
5805 33360 41640 72892 96833 1243 79296 76938 2517 265 88464 
53309 17075 9696 70119 74220 11504 26802 17379 13179 21748 56444 
18220 94760 83402 16886 84562 4474 38323 5538 68249 44129 76725 
9888 17020 73557 48959 34143 50495 51476 34408 76785 4784 89310 
86481 12730 63530 97986 39532 18735 48991 61280 75179 67211 93866 
58580 21923 16254 63055 60246 59619 69130 4374 36343 16845 59222 
9899 65804 31191 98221 17279 65599 75005 59890 92735 99313 10446 
56264 35124 87806 74999 84115 49085 88005 89152 80778 84411 11074 
34858 85292 71320 94477 54422 13521 30819 9093 10569 78545 74897 
41760 76766 30002 45185 89597 27718 37919 88909 38165 94184 61859 
25970 7008 45973 12881 32839 35124 93659 17250 46198 28516 2541 
55345 22992 94790 68866 91638 3882 17261 70183 16605 59021 84775 
84434 4205 12197 12152 42124 38933 50317 74134 791 76287 81143 
84592 89168 13981 19715 20653 69058 3740 86996 71600 59085 47815 
4215 65777 39452 45925 83038 47461 356 42058 70062 84791 84090 
20086 96943 26213 59019 47259 347 97637 61372 19316 82228 50539 
71124 1943 9018 40182 43510 96015 49608 2594 43829 53823 6197 
21107 37574 89235 6395 37931 69119 14283 22721 53208 34369 19663 
17247 31214 4748 55421 28851 66120 12563 48905 54485 83688 88675 
63504 23869 32184 97345 73477 34778 79000 65126 40975 37933 40527 
68036 44328 78458 37154 58612 39005 28188 92981 96495 83263 24195 
1242 76510 90873 5188 89074 39777 97500 72761 66279 61003 34456 
98463 96174 45759 71068 75173 10884 49869 13106 51411 17905 95261 
67695 92886 91699 6699 58901 84680 3193 79990 46701 42262 56499 
75400 85277 45572 53003 82777 18332 19281 81606 90615 17744 77780 
36373 88812 90779 47258 38680 41711 36495 94412 74799 42017 25124 
66497 48716 84025 89003 89737 64014 35703 69825 20512 48929 55102 
3911 1932 37878 60070 21213 57310 50685 38957 35089 87058 65595 
63695 72142 42102 5405 8637 74340 18030 88481 99464 84528 75023 
83488 73530 2585 85328 9233 72411 43667 95989 65339 47578 97921 
41043 7647 19134 98353 58332 95918 71269 45390 99340 34963 55358 
41441 78195 63995 15780 96226 90302 15244 80753 65325 36558 92109 
67910 59713 39168 78147 3379 35157 43485 50957 33077 84528 96431 
52211 20707 54763 85956 91976 37979 85295 64765 93337 64562 80786 
95159 80342 77011 23286 33412 95590 88611 7797 87699 56521 67510 
64693 34667 70889 99850 15979 59672 32927 38333 56102 22964 59040 
48691 46746 51015 24496 32040 53606 55660 96602 34392 88645 14770 
49229 11930 48182 44819 541 55979 70344 94889 61315 35036 67382 
32203 72713 83361 91875 5639 21694 85804 66430 80734 34494 13176 
69576 58991 83043 23181 52477 79645 95400 41121 94415 44629 53051 
80423 27274 53592 74229 97618 86307 35543 70480 53689 5573 43192 
37049 35274 86658 58743 21077 90915 77304 93399 4090 46879 90216 
87133 7886 42692 4603 3286 83813 36844 47915 36863 17267 75189 
28282 29322 10632 14588 2691 18938 68277 8264 99958 43153 81366 
24441 1895 40269 15355 17025 33667 57272 63904 61709 82232 9617 
4400 86835 12903 26039 61506 98645 729 78773 73833 66838 45921 
22291 19252 48612 41229 87530 94704 79013 68509 76069 3454 8230 
16337 56636 25256 87832 13908 89160 49540 96140 36603 91768 20800 
49506 17806 82306 85977 56362 98905 97636 23199 44825 19926 42452 
31264 98983 67808 25967 15821 36316 39862 19275 44546 94026 75912 
7628 81857 27646 34615 69224 61612 71218 60991 82412 58551 16623 
2544 44527 72986 1448 42163 34011 84101 99916 76463 53191 98898 
82097 16984 14719 56239 94673 71821 38612 88698 85559 46240 8381 
13204 80855 77605 74816 52073 76422 95055 10623 30871 97599 55150 
41683 36873 97313 75695 58800 97229 89984 11990 33952 9907 66801 
86498 66146 61473 58319 4757 50171 43877 50998 96379 94909 31852 
73983 69724 83925 88231 64778 32374 19101 202 87525 98612 37076 
22663 74306 33702 57718 2115 83520 29497 12022 50320 15994 15995 
11793 12139 20752 99791 93844 71750 96169 88752 41429 7977 96302 
63180 34034 98907 95555 53135 36935 20905 51746 74011 43568 63878 
45540 39113 3820 29059 68610 53669 79379 22430 69664 28998 72397 
90417 28788 66240 99993 62783 92818 79248 8586 26945 42428 42620 
63678 75809 33582 613 96714 85328 12450 40281 87033 57990 17220 
28679 87049 85830 82348 66428 46087 52012 33252 18483 80255 62041 
22549 18073 62650 15366 97322 71237 42311 77576 13856 5989 53384 
47438 44429 50097 70593 56879 28204 95452 14869 45425 24130 39744 
69081 6477 43998 15167 96316 77251 71477 14396 77118 94026 32470 
39767 9391 67618 11003 89530 45193 62687 33345 36403 47951 77774 
86500 18543 72479 52530 13994 87348 35781 75951 27092 4862 20255 
71090 57856 16570 48340 67160 30967 63284 61185 1263 3051 8403 
68881 51881 35759 51900 14567 6930 88303 62519 22530 12628 18888 
95009 2984 70710 20183 38766 46660 47275 81455 66915 56191 77137 
21312 42358 44296 90106 5641 5481 91369 46519 51711 98076 98401 
87470 49975 50794 94400 76104 51139 16929 26558 70028 11937 29542 
40737 32120 68308 25223 17221 87589 29965 11239 64726 51277 53597 
46848 79209 97065 90156 70577 43584 41866 68652 41984 67162 56453 
30604 61561 32556 81744 16316 59114 51771 66081 26482 30334 36027 
32617 55557 91076 20205 85522 2314 22757 74625 93738 69606 53833 
90802 59761 24409 72212 39454 30887 52022 6615 25166 82627 68177 
95549 64370 22319 92489 16140 88400 18971 84301 62254 51588 39857 
53329 71793 63206 55643 94551 37830 87207 1982 29490 15834 61743 
91726 88047 1196 60440 40068 7812 85606 22694 13815 81155 24890 
36134 73643 78857 62361 30440 63157 24614 82028 40841 77943 91648 
4046 71412 24024 79703 58618 26006 9192 74452 25575 918 324 
26772 99185 40393 72411 84790 913 24052 3770 25804 98013 15240 
4660 60373 45680 5644 84987 65535 46485 755 57182 50531 9993 
19032 68060 68611 45038 15079 80890 70613 15997 81214 35211 53008 
59433 45448 37797 98174 69500 41568 23977 67513 94635 66464 65712 
40314 72108 50699 43675 18592 89281 38683 6949 99275 57715 12836 
5711 2752 27915 24427 11192 81739 43468 84230 34746 40727 29678 
72543 38900 37004 51937 703 4516 46571 67168 70229 24712 77102 
58754 68387 33521 85861 7070 40470 22961 2611 53306 28673 5364 
19047 90927 54383 785 72221 38612 35531 12948 6116 8074 51848 
43121 97838 90379 47637 82236 57546 55692 6947 72474 52272 13160 
5994 38133 58057 84292 61094 60669 75424 27593 3859 94472 18520 
58242 95257 90741 34680 30788 41515 40797 76689 31190 83918 74526 
21568 69381 56761 79114 62900 1534 89414 15171 14695 95409 53304 
72752 79700 52225 71247 55123 79818 75106 49594 36164 71174 82678 
64732 43681 13465 6246 84478 90154 37436 6221 2505 96831 13428 
59267 75944 76328 60801 3184 91500 13322 98593 82630 23901 16118 
72681 95148 9067 52499 8080 58662 26489 17080 41339 91221 60761 
92631 35294 83065 82784 10556 89286 23115 7387 2714 82382 21157 
16868 81010 24341 46194 32158 60760 66651 56059 76878 39331 89034 
85946 29656 34940 82434 56146 89847 61599 85193 50608 54229 58313 
33672 74839 68870 60785 97954 76257 1325 18162 35240 56020 36998 
59582 2214 69156 20341 68865 63042 35046 46022 89902 20991 75679 
24841 41251 69651 52514 2849 54843 3121 94905 13156 74621 69743 
19852 73232 67696 33935 12383 23684 69175 68403 60682 66583 8443 
29838 24751 15134 92880 59797 61157 20607 18614 74662 45448 59865 
44312 35788 540 36981 38910 95445 87964 51357 65187 7815 62415 
70709 79577 74798 94394 48752 81027 55075 15334 89471 22739 77912 
4604 15618 37708 3587 36225 56322 78249 19499 54013 60387 55288 
54553 35195 32024 49997 23158 21207 53010 68801 83622 23719 86204 
96246 18112 34955 77272 11013 88117 4568 33753 66028 9173 87198 
41563 50587 61250 35711 66663 18575 27551 64876 11689 82104 70 
43713 69928 61056 2746 22937 67683 86368 46656 53886 20439 2594 
88842 97712 13608 14784 2279 85188 18638 49279 72385 98028 37693 
33634 33739 4355 52210 61290 69231 63899 81220 69302 45439 51147 
68184 48185 11911 35866 72380 58567 89752 92819 98989 16419 28356 
12596 31203 68463 97784 87669 17741 7994 85696 55434 41629 57261 
97616 31665 56377 66847 33390 75424 73975 16655 26570 42158 2667 
38481 78024 75047 34875 67775 5691 33863 84195 34048 84286 53224 
2510 82069 78719 58078 90063 64415 51339 69518 59502 48954 39009 
15879 15800 72400 91303 27601 89055 55699 69759 91722 32007 85609 
4594 4708 53384 48113 38571 75405 82161 60683 66455 22497 80578 
45174 80575 8466 47415 31913 77985 6916 18694 54820 60622 34494 
27219 89751 99923 54101 83277 69681 83649 53110 55290 26070 57818 
46500 74183 34215 21904 94170 94898 88359 16666 75475 71359 35067 
83941 18773 4807 99752 63517 23501 54572 24138 95822 81791 51716 
95744 73718 34992 3251 95194 88102 58541 59090 83746 42867 33272 
17960 64771 65268 12857 90956 81934 26158 62315 54827 10098 18914 
97461 9850 82431 20961 64422 44396 54610 84039 96112 88180 95584 
68930 91431 90777 94858 87798 87693 78603 30664 20964 34389 33261 
86232 85073 24217 5991 11230 24358 98645 21328 81099 96106 69005 
63530 54893 33426 7925 47329 17465 41863 35509 50875 48619 26939 
79478 43476 52564 67170 59905 83228 25960 32120 54316 12191 17192 
78533 56009 28422 40717 54653 87577 21815 88585 56582 23171 43478 
27834 68923 90807 83126 10785 64142 34000 59404 91082 13477 40706 
81472 80647 38437 64699 6606 70557 19014 56624 87749 35373 50459 
53997 13916 42939 79401 73559 31523 35982 96730 12827 63816 3479 
41461 46942 14264 5602 18768 11495 34510 32246 52201 15981 50719 
90639 18507 95153 99022 75348 89603 24597 48548 40062 78594 62464 
20827 57994 73849 90177 31802 8405 3004 33445 11884 44465 80387 
63975 50067 36981 75470 84578 69227 65498 38385 57773 93963 56892 
52925 92984 32240 42527 17580 18614 20415 34001 18904 41242 91995 
92754 31419 61624 1158 72250 95069 50869 16714 13281 14843 4607 
50262 90314 27011 57316 55811 65397 15088 87600 60115 68013 80583 
30181 48366 98164 48795 6608 69991 67700 85677 61985 98280 17095 
23608 37264 27171 56503 88133 81712 69784 2975 86320 20046 31115 
51157 15188 24752 54380 30276 12351 52322 36115 30761 82503 22307 
66751 31298 28915 36741 36824 14592 36552 35103 69514 97988 72367 
96686 54490 60499 78397 24274 1300 2542 82147 70243 91527 97335 
32821 45906 65437 83000 98228 1551 13760 18557 23858 80511 87682 
52774 17251 24505 5192 53803 59608 74706 51790 69801 9217 44107 
68126 87615 68381 7252 27983 88354 77495 19509 85688 10316 3242 
88951 93316 1469 90502 44902 57853 52186 63239 45534 42786 80490 
70039 47978 72119 67473 60511 61736 75100 69728 5842 43225 57342 
12049 50478 23152 402 27972 42661 23916 76115 45903 12866 7256 
85200 41194 89985 43052 93380 53223 88587 36166 71539 96452 84144 
43658 63925 44654 43220 76851 52209 49062 20076 47377 61111 70554 
70529 99340 36352 13190 61082 50294 96920 11774 95377 82119 52968 
85362 25171 46347 38584 51584 82513 47950 48035 4483 91608 49786 
86964 34827 26637 39172 21715 84540 86550 20652 92920 57078 57818 
29271 8094 18899 17391 5014 30673 12768 87133 21467 35956 50130 
67814 12366 39540 88154 60316 25402 30463 89750 75188 17426 62403 
39651 94426 84118 24190 80975 42596 17109 75879 413 84208 83974 
57139 39425 26814 87812 90020 51773 47105 25975 1903 52746 76169 
79270 40899 74311 4671 9188 64061 17686 26614 26463 57337 58866 
48408 19354 39840 91004 74290 53546 91418 96324 37519 48556 35749 
2159 74195 25768 53932 21299 89571 93662 74045 3565 72932 52770 
77876 77603 61958 41936 95289 26399 6226 90453 23091 54634 9806 
62932 45637 21922 54304 74881 18246 29649 61264 91822 31808 35458 
55416 85740 94584 82813 79402 6455 86378 52333 97052 2080 67762 
96837 44016 877 61062 88069 91330 84153 42702 38962 84911 26166 
60884 39214 1046 16956 68863 62310 8777 670 35594 64194 24237 
68005 84833 3638 12286 71211 93798 9337 73291 61559 44000 55133 
62436 5061 43202 91592 89215 23730 30553 11951 49896 91438 51166 
88770 8393 57855 88906 54998 96353 62327 19191 20589 68158 4023 
24227 80444 13060 55851 27607 24177 17409 71608 17137 17672 14495 
98166 9263 41536 21895 39817 53488 9618 69081 42480 98388 15300 
334 87293 70298 96687 87446 27315 17275 55603 69166 79329 36046 
20052 35179 1480 44230 90416 10914 61367 8087 25409 59532 55177 
4772 19253 32820 58260 28871 1900 739 65085 55028 1073 90205 
25325 97761 77650 90468 52862 33253 59633 32191 7125 79685 67370 
8605 61741 57785 57346 60934 3698 82756 58292 58876 87528 77546 
91696 83614 6416 31423 84353 71502 86451 23252 99533 49602 58839 
77182 40069 11701 48261 37528 81719 55387 17213 49088 1818 16780 
44700 59165 77715 86225 79747 36006 45100 5100 13551 74623 88714 
57795 43872 10892 67123 68149 71971 66655 17750 30810 43836 95647 
80338 92098 33174 62056 85311 50387 11143 24955 4994 93670 84120 
82709 79895 1692 18714 62821 44619 70093 75270 71159 65714 56968 
82051 32836 25116 91849 37317 42867 22658 81153 38513 2995 11076 
9513 65051 34213 59901 14020 59169 64895 45517 81115 85430 25411 
20634 41970 26058 65253 12062 39155 36412 77776 96123 56289 48438 
21239 48137 85755 1932 8621 4734 78272 11616 53637 87785 14493 
87851 85512 28514 84846 88233 11857 65960 73662 37268 86594 15632 
1152 89674 65521 40307 26085 43297 36430 20200 29561 95496 68338 
15316 97428 76959 20050 75699 26402 73687 1309 40895 99364 86822 
7235 84209 75054 19092 87996 86543 94187 12415 40001 95340 2088 
5521 73473 28173 86645 9902 86201 16206 5397 54538 31522 40651 
69323 51572 54176 95725 63085 55486 74447 62449 80134 81682 46657 
93014 774 72479 17382 32787 84895 57383 28126 86983 62905 1599 
52983 49549 49328 39183 65755 92553 31547 97277 71030 869 86675 
25206 34421 49760 18518 8867 50035 36478 90549 96692 29491 29149 
6997 84701 61937 91892 42083 27889 78874 4987 67315 69683 54537 
54470 8865 58118 84849 78239 55395 55878 79109 79896 81084 51356 
29655 37428 60223 79690 73906 88598 14208 41224 55574 21205 25924 
55337 50923 68007 83226 29796 10821 50541 37306 3184 42837 83998 
61302 27685 62237 54523 83563 79172 34419 2473 30527 1900 39901 
28576 19417 51634 55000 71452 92858 10573 92657 56608 65910 43579 
62441 86963 11201 73262 37503 48507 76446 18166 70332 37748 45851 
32568 30097 29413 11739 64516 69713 80093 4243 47441 8668 23660 
99075 63668 95112 29758 74242 25594 86366 77978 6999 86633 64940 
56027 59895 40269 42361 74167 58435 12692 49741 42112 45260 79839 
9352 94826 82181 79065 74918 86424 26505 83586 47910 25579 85080 
80848 93164 97148 44268 17355 75126 51267 3988 77892 45121 1709 
18161 87482 75876 14422 38000 25617 56535 21086 5455 65887 15911 
25462 44951 90829 49713 9283 12240 97623 72689 97320 16297 65853 
94468 60565 83208 7419 49659 25022 85311 94780 26731 41298 20087 
2607 55721 58087 66051 50082 79173 9332 15968 32910 34794 98746 
23738 22333 8028 73805 57783 80718 8950 74080 46570 41244 34644 
67604 48663 22129 30453 71801 16908 57184 13098 36995 97618 6645 
32908 63668 56727 12080 73000 10521 82817 45621 9267 6554 67954 
55122 18185 25736 35839 27136 37642 20235 6206 10113 25666 54870 
32242 56119 64497 49151 13302 15421 23972 48747 22067 56881 12414 
16620 6787 23241 27142 89605 6688 36409 33985 12468 91531 89998 
76032 65197 17133 13673 23258 61166 23786 48924 53862 56029 5042 
18358 43006 56172 33780 66978 42745 93674 61685 55159 10293 68473 
16226 37435 95904 60741 11670 67715 11036 3201 57712 87068 6224 
12671 38567 29482 73838 62354 16233 27699 56209 59102 46058 37041 
15273 17664 41845 58018 11337 3530 51004 21630 9829 5056 96893 
5732 3624 8562 73447 14660 49590 31159 1727 55814 81657 40294 
23123 55494 40474 39356 83194 34509 98458 67078 71550 51558 84742 
13395 47402 33905 54752 36232 93362 64581 79116 90254 8139 82740 
98817 19412 97400 48406 88398 36953 42047 70055 15073 65170 25548 
93375 42352 8741 65710 40809 13645 75087 30193 36213 88482 15422 
70118 81060 51654 63480 45640 68596 91560 91606 51335 90376 11017 
86561 76609 99416 61340 18655 7296 14240 21651 32844 7614 1829 
79413 73324 80465 30884 48410 10658 67098 74718 26080 37215 93604 
15560 38521 77070 84157 30081 68675 73318 58283 17519 97706 34891 
54761 59045 91373 62057 73285 50850 94901 18725 52679 12139 29876 
33144 43024 78286 81629 10121 90831 7708 85163 22260 61095 23684 
99331 83078 91592 68005 56396 49874 85524 54101 22592 40284 13145 
13964 2340 24257 2641 35068 42982 55320 85034 72858 26290 65884 
88971 7918 76005 17627 15626 98995 39887 14548 60505 39217 97626 
52096 45049 54021 1969 30572 45948 24561 70857 96921 76353 11023 
21177 78994 83918 1985 72140 68952 74844 98431 34835 1640 6348 
48667 19267 59802 85488 96981 74350 45992 36198 9801 98088 81247 
63823 56 49645 47597 62445 58328 44517 38797 69352 65694 55617 
91096 5506 27756 97874 80350 26186 70536 81990 32535 19202 39083 
92337 4689 36063 4512 88508 10087 14313 86595 91334 15962 24477 
40979 63560 86922 99307 45903 63545 6484 49424 56988 35407 54930 
84745 33280 35279 10930 3815 55095 81292 60844 32004 11454 3359 
68067 53793 91867 78155 68107 78461 7314 21895 40765 86120 85455 
65513 23253 31358 66885 29737 80782 23872 2970 73538 8616 36251 
8816 57374 40066 1737 38665 910 33741 87947 4269 1807 41739 
96137 17788 47672 12423 25103 69568 53188 11222 55022 56528 72302 
24206 23412 39866 42814 47284 42836 16351 93728 79087 62994 51101 
19153 64731 27592 57890 36298 15538 62159 75933 95105 96122 93721 
42776 46372 56650 12343 37386 5699 5192 93914 78001 29398 17325 
17866 10039 2436 60703 64217 96164 77616 27211 47264 34595 29768 
74856 92485 66067 28221 92471 79826 23325 88592 73546 66101 34963 
68023 16271 72350 73722 21463 4089 89549 88688 21415 45242 98727 
23851 5944 770 20014 21386 65808 5104 55982 95576 79960 48466 
99469 46007 40936 79294 69332 67355 90667 73260 40144 96516 89531 
12493 70237 48820 54410 97612 37507 75825 42853 74061 37502 86624 
74831 95343 8010 40638 446 63992 74040 18232 12457 73509 64240 
53394 90629 71398 58575 19121 82484 98719 15636 72014 49039 23699 
58660 3448 21311 96168 17099 64164 70228 54601 88615 82885 49943 
96625 61349 88216 60616 35388 6447 10899 46723 8513 2119 75179 
17738 60694 94300 221 59413 47763 10062 8451 71462 68722 11899 
30599 64889 28998 32590 72943 21425 21204 93654 9194 17828 55002 
97410 16270 28217 41683 27169 12766 88024 29289 87945 5761 89983 
20071 5982 49395 5660 16044 95673 14948 22593 45398 45548 25308 
12222 15964 36078 33647 37168 29731 42841 92823 22560 78077 46919 
88604 57587 74088 1369 45610 41203 27141 51371 31186 85039 95180 
18407 90699 11224 51907 5646 71644 97305 89021 96952 9527 4984 
70856 43174 79979 587 23842 10627 60974 39745 57546 87404 97332 
31634 26599 42941 72837 53740 94312 41849 38778 89492 98084 67303 
38542 49990 72950 48012 47294 61970 44963 56821 4781 15819 37822 
84760 54233 61664 95388 53033 1408 90760 78263 98741 60220 4861 
79508 33057 96429 73820 12732 73033 1137 10815 40336 77506 60805 
51112 25517 45926 50908 8306 2746 55689 24125 78395 40449 16184 
40058 73663 7043 79294 64422 85306 15860 24642 90168 33194 95526 
24422 44840 46084 97455 45977 56900 37790 61309 55531 88902 86826 
1456 39810 95133 42030 33325 57084 20424 73774 11095 98310 85263 
18138 77603 87512 41271 31289 12153 69265 64483 45505 93687 9323 
91589 91141 93127 86315 66758 54436 41846 55659 79088 81129 33295 
12046 23158 66621 6957 43583 78221 18052 41892 1310 74017 57321 
88822 53114 88610 38801 22378 90919 84306 53891 38068 75894 45032 
69022 35 11789 23457 41881 5274 40371 23009 76397 52418 83995 
80844 59375 27577 59064 15253 69469 98201 27096 64616 87022 18037 
91052 25822 40415 81970 47954 94307 57865 61675 77165 26886 61710 
26780 88170 41417 32054 28540 2252 8450 18784 86247 89294 78159 
13823 86185 31238 21118 22211 96162 85734 9233 14198 76785 72882 
92440 96582 20836 24572 54446 20337 1736 19158 82047 66343 7327 
61290 98398 35867 63542 44674 54652 49789 71795 70637 1438 95806 
39702 60384 18016 73690 83944 27249 87888 98556 37958 18153 95137 
96621 80553 87409 16957 20115 6566 36830 86459 51720 98120 84856 
87587 61661 67356 80065 49276 39150 88529 88542 34955 28230 48925 
52972 1919 70695 18047 27633 69250 56005 83613 2212 90452 64165 
27447 7408 84281 71840 44238 70739 23559 42357 93421 48973 41845 
60776 29037 91121 37753 55392 79662 10534 83622 66413 63506 23367 
37108 19380 51000 6357 13211 72440 46397 3663 36604 73844 11071 
58711 45684 93137 67276 7069 73320 60696 56042 15164 59299 22906 
6285 34878 78298 23773 45412 99747 90187 46745 23113 65121 66125 
11940 9304 79336 84380 55701 20825 58810 29545 31897 17521 13055 
62860 84797 57951 36179 83320 51820 51344 80445 74726 95456 15322 
90850 19228 60734 28422 47241 45305 89363 12361 11429 39129 21666 
28592 61335 15193 49417 20144 82565 81314 75492 95620 82000 98116 
91398 18179 81435 43217 69523 99706 55769 64978 15027 46618 22032 
13587 12867 69274 58893 2229 19461 8148 41358 41127 36740 2692 
94148 86158 60663 76712 5297 36155 10158 87298 34270 1555 5476 
53531 44772 12825 53236 540 77803 6089 84985 37661 19676 97852 
6934 16395 80 64223 24544 41438 43176 61284 81957 37323 85268 
42620 14035 90566 78775 24193 15689 50871 25748 21165 4401 70520 
71817 57637 8886 49619 63726 93871 25106 21228 91723 32041 37624 
91803 34090 62168 71068 77266 61278 53024 14589 46546 33470 28624 
37111 12244 52817 52800 63115 16391 11791 5342 24737 83608 62979 
33623 71053 64531 27493 96159 85760 19215 66026 61210 48845 115 
23377 19912 15208 22481 10762 29797 69027 44233 96248 43964 94304 
49064 96764 95246 3281 46381 587 28018 67815 1393 61641 76694 
65924 26960 10679 89510 84003 14531 50719 32847 52474 11922 90586 
67682 34404 1347 97479 3430 83407 93726 47395 77711 80616 81985 
10782 21723 66193 11369 49741 34007 12762 49208 48528 78687 76168 
59207 6022 60170 11564 56742 30843 64038 68664 21428 31719 40894 
60603 67024 44325 81836 60749 29546 97373 79191 11530 8154 913 
77723 19524 88481 49557 70113 37688 35911 48799 51683 32944 92649 
49679 44508 49390 80523 8546 55880 39777 78092 96775 38206 45116 
41099 20042 43691 8471 17414 60709 20001 63396 61622 35551 82920 
50103 22934 53032 25617 58845 39658 15126 91789 32306 64806 74123 
19522 83155 82669 75402 60758 98588 10002 98965 43703 88928 56833 
25220 97399 12073 85929 55227 75469 47551 90778 58388 35480 51538 
49247 98924 48209 26731 14050 77824 96864 16682 51946 54212 37663 
72442 67440 98421 71029 77443 35211 52558 66370 92044 77778 63769 
4117 63707 18995 79586 49084 47599 75801 22390 36963 62874 21313 
85172 27431 35363 62995 24294 52045 52767 16332 89708 63035 83772 
25955 34063 61214 61166 24447 27584 91037 2225 29179 95154 3758 
86001 12565 52842 33599 26192 13058 8388 89066 34371 93560 16496 
7561 94381 78617 97433 84974 94949 87141 48009 78721 50922 19898 
39934 49914 44346 5344 40950 46571 34523 73930 88156 58350 86496 
78824 91949 12687 91882 38163 39580 26252 31722 93903 33813 63929 
72520 31246 86730 5294 56213 34738 84015 7134 54636 61776 57048 
98982 4946 35825 83379 77297 9754 71534 35646 34076 50357 65422 
84591 80065 3584 24170 6317 73134 18072 77957 74889 28418 9202 
61618 33713 3241 96356 55554 10375 88819 55156 5250 25626 60103 
78902 46832 75226 88656 56192 10871 22732 6549 76293 7322 86614 
79878 69319 30757 90838 25217 8714 65726 53636 55743 27344 25175 
58985 61526 18555 7186 50344 73712 12436 13797 71641 91338 60629 
46866 17820 16820 95564 40552 61196 71857 85701 85637 89561 55019 
16393 80398 80236 62934 46123 71698 18677 11293 96873 77662 72820 
15428 84848 60990 26966 35111 74787 36433 64275 35415 21125 82095 
52236 16688 60473 13431 88545 46173 99068 15931 39018 53288 96329 
57081 16221 80279 28778 34898 91572 63478 12559 64391 16732 35234 
63208 81525 70345 37994 17957 34619 73410 76909 16714 25645 93597 
77187 76903 19968 61187 13797 35899 38031 4911 70055 95112 21132 
88160 23890 93858 79731 87368 44243 81949 41926 79477 45156 23450 
49821 83150 41407 22267 94386 18315 76808 57857 49738 53994 34760 
69706 53007 86384 43432 91039 91295 51313 86150 50253 39472 47866 
44110 57029 73060 88354 76804 14985 67830 21959 38435 55478 42936 
17668 15571 37321 73810 92379 33005 61375 84199 5591 31080 37206 
91975 12338 66071 21095 63651 90047 71348 40949 75740 15458 97979 
48799 3811 74782 1611 9467 34568 77873 2771 15330 33368 18342 
52651 7177 10720 23482 68552 94920 29073 37459 69952 21047 87624 
36022 79969 89102 63895 51317 30050 39634 66775 65855 88434 8412 
40637 27871 55706 13031 5743 96305 28361 39111 14646 18838 84116 
63194 42321 52667 95940 71394 27952 65891 30268 15576 39739 10236 
4677 3633 61553 72554 81095 66154 38409 7354 12392 16872 35225 
5925 67730 40968 2229 96091 17906 54702 52755 2021 17895 95076 
92515 51661 4296 20467 55378 34564 73870 95117 82627 16373 36577 
82007 26753 17671 85987 65162 25025 98380 19860 98077 4304 87590 
39044 44360 21506 56950 99062 74262 96798 54784 7163 89313 6444 
11459 47606 61823 83850 59302 94766 66477 75675 69169 86310 40254 
86840 72296 43243 49691 8501 63103 47767 50632 88520 24638 32818 
47852 19414 31880 59940 16212 24490 67104 43351 68761 78563 28783 
68410 239 88085 63176 4542 1585 70171 90852 41839 57011 973 
85082 44528 9475 86012 30122 97934 12357 54760 30752 60209 12000 
458 20149 66039 24948 25079 9389 31535 3641 38172 99946 41707 
64083 947 46249 65668 71118 37100 7507 65955 75901 30415 10483 
85376 16426 78432 21135 28783 71018 51887 26819 83018 90172 84795 
49057 15119 9873 96273 46655 51341 72272 84427 93049 36354 85374 
39297 2022 56491 76398 47356 22446 52298 77771 70756 75500 32024 
49187 34461 98634 20204 24175 25452 41048 14346 10246 90105 67293 
20119 24204 51774 71461 96476 36200 64509 32829 21573 3805 72678 
15890 18029 20033 76163 8153 35631 84745 21479 5481 71758 55941 
4114 29788 80116 29567 70837 32288 77640 98768 99581 97760 22971 
51354 7046 57273 87554 71555 90103 46953 13186 62780 670 69043 
20640 14659 15022 94098 99405 36502 99579 71162 30269 3692 38777 
48211 71086 9613 80499 48726 46207 80080 46485 7005 69260 91358 
64278 94641 738 54380 41593 13924 54987 80090 20793 13453 94750 
35816 7550 31980 10144 44955 40968 40413 48647 79745 26450 19733 
27184 6948 68459 73392 24854 52770 18223 94115 44127 82501 88755 
44865 74708 68174 96616 67521 86091 55236 80974 80840 91052 26350 
12819 39022 71305 91614 17261 19951 71359 43711 77511 36369 88486 
83796 47587 51167 74392 65810 83108 18518 48311 71862 1209 60845 
77862 35652 28365 63952 90888 47165 82618 19765 73515 33263 58787 
44819 24877 13874 2596 34062 57585 17934 70431 83897 1729 18018 
35063 76122 21654 18170 32466 7791 27858 33676 68636 43547 69328 
34827 45325 98042 81992 27943 17806 55506 99033 14419 38151 61736 
28293 40748 33624 23704 58682 4055 45427 98238 59900 80491 74359 
19380 98661 44652 27172 64346 78328 95808 7892 85482 30635 53217 
21349 50453 18986 39155 5959 55846 91401 44110 17581 57520 22684 
51206 19050 19192 93088 64477 17430 90814 44967 29615 10193 81455 
74267 37365 45800 90421 71000 91519 13728 39461 44735 35077 89914 
1548 12058 33699 57394 3458 77810 74975 98805 38320 64007 17854 
57513 94921 82332 74943 85734 65125 42384 33754 84406 16651 8945 
20
335 9 202 3
55 5 963 6
971 10 128 2
369 1 61 5
1055 3 56 7
1085 1 25 4
624 2 389 9
258 1 796 3
312 2 716 2
337 4 26 8
731 10 179 2
938 4 69 4
198 4 804 5
953 5 50 6
411 5 495 1
719 6 320 2
349 9 560 2
360 7 470 1
464 2 465 7
969 10 59 2
