5 1000
302058 -115075 475555 -912685 342292 
167113 740976 904571 -591535 -517540 
-296890 211487 885644 -649251 734074 
567299 339004 -397183 396828 -759857 
902784 457499 241468 -931834 -176301 
-468093 400596 267167 -799991 -312669 
-255653 -831922 451435 -303936 700972 
219156 -43398 815723 -296139 811513 
-980637 -947854 161682 438359 -775437 
609951 497237 799448 -856747 -602362 
619691 714925 -709137 631252 -419830 
-268920 935164 -957378 431041 48215 
-226732 107623 -88104 -999476 163162 
511955 -475385 45603 -203201 -336686 
-343428 629866 -190919 873544 158693 
-720523 -790022 -681099 -670192 465807 
-371325 918321 923026 586406 652399 
966258 -251354 832624 880197 473050 
207205 -225114 -610504 37894 -196211 
854235 174651 459969 -345428 448743 
814188 -747536 -199297 868606 -192110 
274829 -916997 -994500 577033 -359703 
-776028 -764141 -500946 163068 226637 
773042 115988 -462987 332787 -94895 
377399 -123118 -159042 676870 95376 
882110 818849 -317200 -882013 412812 
503479 -402906 -218574 80750 622189 
984525 -380975 -936409 -500160 -589368 
-405008 -12104 208840 -986930 -990147 
-164590 225453 -269081 -987665 412609 
-982771 -10349 -721983 412945 -470039 
-829530 -811263 592574 489122 -919795 
507257 -275023 352594 694139 -69169 
366946 -913338 144167 550273 -246506 
-361050 -862841 -738228 -139684 -126081 
-889982 -45815 -421420 49827 722042 
879671 248079 878305 445892 -130924 
114800 200676 -580822 812367 -482157 
807466 -304135 644032 999506 18164 
752672 679624 161147 -463227 -715034 
753325 747000 711579 310147 -180369 
462955 -507474 -482837 -735232 843482 
803003 -5797 -716615 -9189 804632 
762903 538631 244553 7632 -271949 
-847156 -5021 -533113 567741 783313 
-28900 -261147 255530 373328 445301 
-600050 140474 408109 -586407 -702614 
-568266 -502910 -461126 -980345 -343348 
-760559 699266 -268517 434483 -164401 
-645901 858284 337017 406547 870459 
-726584 -144751 721532 -304018 132003 
74173 -746879 343741 -204080 -151758 
-559285 292581 808460 -838338 981335 
-128151 206210 635642 -228439 -960460 
272032 -304827 -735035 -942406 -923748 
529547 494779 75605 -755682 981771 
-918075 290855 -817025 770188 179851 
-149396 -186921 501482 717498 467584 
-453740 595373 -996948 915809 777444 
-426340 721426 611792 -802741 860110 
-400910 417514 508468 -465786 391088 
711865 3469 -905056 276318 304399 
101608 -242448 -677995 -386539 -757833 
270710 529456 -58675 434916 -897654 
-770930 -693575 824965 -143854 -10807 
-23643 -324837 -926115 246510 760766 
311998 793272 -378751 614663 -675808 
99901 825008 -381792 -700925 793916 
138110 963935 -67724 345244 -704836 
-861176 -172086 -21272 -248462 -897779 
408804 733396 511121 -542495 -300172 
626762 301166 201321 -81245 957277 
180804 478569 931623 409965 -966704 
-672774 -297250 -930097 -468338 -379037 
385939 -631284 -975523 -398618 -610747 
494941 -101215 273837 -370358 -768753 
-309858 -485006 469064 -937943 -983557 
-994483 373227 126379 -309835 -704596 
-445027 -469754 180213 502168 -338911 
-188476 -834619 -923002 446591 -655198 
-862614 -59216 -766694 -817009 -852022 
-397678 -543571 222912 -42322 351181 
276778 -684473 -875552 -428879 -190365 
808797 207527 -223841 238384 895779 
485287 97678 977510 -615719 441725 
200179 -585033 -537482 -504995 -328187 
-767661 429616 -669017 -860936 395321 
959702 475003 -477607 -717398 899549 
649648 641585 586710 799673 -793153 
908810 82494 -642801 133435 497618 
56823 -377632 -729025 -572155 -845216 
990906 903089 920512 908315 357432 
291217 -358115 -506756 413286 -645313 
-104342 839743 -314936 -796451 136532 
458941 -557393 398928 -551344 594558 
-593554 730305 -310706 883020 289770 
-812261 44879 -608042 -273461 442362 
-749527 288759 646080 -347588 666024 
-878206 944390 -203305 600185 -952306 
5528 270290 597499 496757 318942 
623259 -908793 -83605 372848 603744 
417288 260519 903832 -797775 175386 
-296518 920870 757136 -270630 721970 
957908 -942267 131821 125408 701414 
545918 -951064 -240090 -772482 352747 
-624468 -766399 -232426 -253532 858894 
694676 -69296 930998 327259 14208 
-335540 320846 376476 245999 724578 
606066 -367417 -289743 512086 888486 
-468278 628607 308406 -505849 468970 
-891641 -586119 -966079 508679 -865578 
-709672 -40595 874103 530302 303283 
-711111 640509 927803 101361 612137 
486022 -514112 -644677 251496 392494 
-874549 -919705 871048 -452718 -948140 
-550916 38891 -960539 -353488 118155 
-818908 -425293 695572 -646795 491579 
-113177 -781264 597169 47909 -256257 
-525522 820112 -564932 983587 -650418 
559787 356762 -559704 278953 980791 
-969801 -8358 32299 -362668 -426970 
-141823 -39208 565840 560107 -162083 
454217 110683 -552159 -466098 -308642 
-250659 -708815 -102815 970150 -284627 
631341 478430 -703806 114108 755660 
912161 -981670 -355400 -386991 892395 
662212 187862 -477761 459492 496647 
-998043 834356 -724957 289867 -916303 
-836683 311394 -250310 247580 -980819 
814687 -485768 -908238 -526863 610310 
-707937 -631550 12473 -612997 -6623 
873419 885594 -880001 -454380 857335 
429422 -185769 -711399 632608 -406517 
-370207 -631678 -265800 825000 -371370 
883616 587679 -292395 -851657 350519 
863767 538181 -678615 -928724 902466 
460368 526815 -938354 208999 -971686 
695143 -848100 -455367 653531 -858240 
-932266 -253175 755369 283051 253908 
-766482 259864 575997 -889428 971110 
589662 466413 -768688 903042 -183006 
731753 -171295 991719 429668 -100859 
-160995 80975 315053 49929 926397 
402171 -942640 -623133 -309449 102687 
-681406 -899434 222784 -994176 121990 
355471 -113976 19097 -268065 -622258 
-757055 231750 -182603 -42070 -525208 
-985433 -452321 -515271 -595041 568004 
-690868 -513495 694603 624613 -676584 
-903805 428201 -447919 929844 666071 
212082 695479 -310896 930165 -24519 
-230789 -241675 557126 702585 592498 
33956 -170098 -977207 548893 -187879 
-923364 -579825 545098 71311 341254 
-981398 -574241 482955 -36704 -324134 
335928 -514947 629566 -585147 404558 
598049 453601 -447046 188219 26672 
-703139 618214 476106 327597 161830 
-589461 250071 -600649 205985 -269622 
-837491 316025 -925909 474170 -534256 
-326663 -914001 -783543 -44795 210530 
924711 -570793 56852 -969843 665801 
-439942 -836499 858249 -999879 -303813 
785794 -36173 -267861 -137004 866154 
697725 494817 37820 -962819 518864 
-999632 286517 -700377 545780 93216 
665154 591880 -401543 99056 -597089 
-392026 148996 -24463 -222622 -578119 
-426858 702726 -642865 -136823 -983312 
-485477 974928 -881920 766913 241050 
592470 128063 -60862 -237102 576893 
-623895 305974 -132613 60914 892933 
722990 389722 -916034 614440 115263 
325083 922688 -237078 48932 -322762 
673294 185449 -744891 126147 452945 
871811 -735012 204629 -869848 319913 
-292994 755232 -78239 -980848 -34411 
408685 393540 367560 386840 -543206 
56960 889588 365549 -950336 506699 
614054 696102 93294 681783 -365870 
826985 -242560 56600 -503057 -468890 
753034 326238 -257719 110236 895695 
626421 -397883 -640338 -619068 736044 
543983 -758688 718372 -32944 236792 
-107099 577102 337390 327593 -575770 
644788 -142950 546351 923883 532253 
-137689 518650 58294 -294585 -212770 
57076 703922 -148887 -259367 699714 
-180616 85802 340776 1087 -958159 
770868 868887 -447251 258163 436377 
-113879 842665 -73707 -268603 -994074 
282225 -151895 276436 -243931 221348 
645610 481004 -61295 444343 562919 
-84137 -281514 217494 317976 891817 
801307 -473987 -46606 786282 502161 
13161 921135 400536 233764 709514 
395535 -688075 651560 638735 -905259 
-916501 440199 -359644 881190 147535 
119755 -433663 217735 -313129 -167572 
956566 -869841 -620687 853737 -997867 
-741676 -444523 415877 -855747 -196983 
528798 -595978 694225 -519760 -438399 
368416 645191 -17484 -31654 242334 
-75840 -236453 -584473 103510 -823304 
-627936 -153853 379985 -125117 -45935 
-195225 244655 601516 -603936 -978058 
-841186 -714304 702462 -65460 615229 
253908 -844253 -591056 -498273 -609603 
-454946 -272552 665334 994181 441192 
-483817 359938 12722 852530 -178560 
-856499 926400 822735 -659816 566267 
-341003 -919864 52496 981139 -164473 
-203691 236728 798591 -278009 -200913 
307373 756332 -158263 759614 685120 
-52495 199176 711499 496597 -358202 
-645919 577817 -580108 -614894 -369504 
-841843 139020 -183687 -576769 -914050 
198074 423130 777958 -700500 -141639 
922477 744788 87410 301827 -915599 
433634 858446 -620711 -134714 -241288 
520375 992818 211961 828192 439787 
-816431 -558527 518575 -271916 842552 
548873 -992458 661532 -664940 872297 
67248 762695 722749 -390587 679854 
264077 -136667 -96076 -15654 -657310 
163190 741695 527496 865280 -115844 
-658331 -307635 -947479 510796 913358 
921400 112303 57016 761305 901040 
970371 -244090 955295 628256 359682 
-980360 -557262 -273962 125241 -436228 
-778199 -366638 132454 352714 -922196 
170737 -513943 -504433 617864 -257902 
543162 -619733 877750 18817 729227 
737241 246722 474095 871648 -858605 
965984 537754 -847330 -237685 960595 
340968 -437690 -492949 -703710 206092 
5514 549428 -920390 -115196 77665 
-817912 -259570 -337745 201296 -732836 
701574 -102337 -569252 -682016 -44957 
-698732 -907161 378708 196574 154111 
-721404 -866885 -597162 -290972 685423 
25693 -375413 -371907 -841665 814292 
664002 405932 -185362 -672221 -413250 
708553 -445496 -935019 258628 334450 
498171 -26576 -912386 13127 564805 
940377 879631 -54993 598335 65875 
686727 -312909 -430856 -898860 -691421 
-224280 -493485 -228923 282007 -775309 
-308681 -495838 643873 -817265 -158222 
426322 -263503 -707334 -19815 -193937 
-37553 477305 574209 -885869 275814 
-837225 -990873 436515 -343146 137983 
952456 -116929 863208 -226304 119367 
852529 595472 666136 -144347 732454 
-301428 -915855 600192 399795 444111 
278307 59363 -168232 -625118 -929608 
-108170 -711221 -722567 -778138 -543468 
-130518 -393215 -703348 -5268 -228968 
371086 -987216 119325 -925244 255310 
716869 -390261 945289 201314 -973139 
935572 -644382 168662 -264583 -191652 
255076 -952922 -150240 -988929 -925862 
461264 -909292 480442 811331 -682931 
929946 604573 -199092 345205 628638 
849166 -63126 -349921 -880671 -908338 
485350 189853 804404 -10186 420619 
972233 -482783 595650 685916 -737684 
576664 600466 419196 490441 -781319 
-283370 578511 -68038 436235 949154 
-679052 -506140 299326 -201206 -956200 
-605500 37171 106809 -690581 -3456 
22713 -503466 107824 835345 -765035 
528356 114867 -856795 -598701 -496076 
955499 -695309 912519 -415477 -605259 
264209 846966 155273 31579 -255739 
-980471 -571853 822072 -546294 607278 
177225 406733 -833370 327671 554883 
-172161 855591 -30207 -980844 653211 
-47472 -924824 212487 -814118 -811314 
110111 40532 64404 -975883 749583 
-792804 -384439 -280621 -952353 161042 
-115209 954213 298839 -548219 195686 
-627762 -586054 -700726 -889997 -552827 
-579592 205614 -19017 -972735 -305771 
-804881 576841 818704 230391 -996397 
-97276 11090 -874925 -313662 568366 
-436262 -668806 254974 779019 198701 
550758 -265071 940639 111260 539756 
-962097 -94175 -755954 182679 -495393 
459786 -803297 -175429 -515392 478585 
734073 -175327 769855 837306 135983 
-765269 -106459 680538 149602 -958542 
40970 125353 273372 689114 -167794 
-555686 860091 524597 953253 106252 
-297202 -728241 -72327 883371 172857 
185337 -702090 -583434 -807176 -440308 
151850 673949 454349 -65526 -695723 
-347972 568005 -974047 704995 835733 
-87541 949193 257794 -861097 -765025 
-238490 -414798 -695271 484801 711244 
218842 -810937 -367079 991648 -442146 
-555589 166065 -65547 -924880 -254026 
607165 -917753 626208 104471 210822 
-393725 -470607 972305 -114828 291882 
-146387 -563846 -522394 -809023 394918 
187550 379013 -574937 149461 432298 
677898 -626883 -788626 -318236 267319 
-812811 761711 544237 -44608 169759 
910700 151293 -959131 -489527 511841 
334815 -843984 -549396 -599521 618849 
634608 -669784 32061 871435 694792 
-637349 91752 -816903 -315406 -199525 
-551935 917089 948413 488056 -108036 
684669 -995655 565886 -337517 463170 
826540 -497799 945973 -442686 -536614 
133261 -739942 -5451 82035 199996 
812732 800572 747176 -486512 584999 
620149 419190 138695 958336 -70734 
-177229 259703 -660926 296709 -615189 
-252829 768375 778419 233015 693138 
-10297 -722274 921173 626274 273281 
585909 612775 321717 725594 -506425 
-68120 -224358 919228 -275820 622250 
-122064 -293784 246305 -546853 437094 
-552276 666854 544069 185990 432245 
600082 690602 716290 544966 438399 
859194 983344 -409091 5643 -756382 
-11201 701956 -702736 -544971 -542310 
146896 49344 355118 148313 86600 
-712461 289741 -985518 -548719 -248513 
762412 -289204 -449081 -159567 147130 
126222 -132022 97433 430356 -823364 
975566 -580828 698945 -565621 -632276 
726366 866109 -8992 261946 -229562 
-59959 -693613 -508646 -278162 510587 
-291237 -894567 -535068 -487810 -431938 
-944151 339770 -142246 -170451 318114 
465674 -628513 849497 359923 356726 
-923195 430959 -146680 462445 -191877 
913913 -495039 191801 -30059 -722326 
822923 586088 310094 563759 645179 
265100 -240407 -45376 -386188 851513 
352584 681535 -171299 -774338 755526 
-812925 -687905 -20265 -511194 823314 
721327 64789 -328854 -789817 -899311 
-619813 -249614 897382 -383574 468825 
-931464 507246 126378 676431 -392246 
-207140 -421655 -388414 905628 -42885 
592727 -74036 -445891 -349338 960648 
-512838 366808 -972346 173122 355521 
41531 633737 -335418 -340868 -66102 
425526 578765 -523623 361167 809400 
576474 431125 994083 489574 30909 
438743 852078 766710 549725 894365 
-415954 -936795 80836 75257 -31220 
310095 -229787 190427 -662835 550107 
811197 902824 29385 -62531 574150 
-738008 843602 -884264 -492502 -871307 
-100425 -295278 -341139 608471 191641 
-712785 -493002 338068 -105241 -548703 
-403016 650993 -991670 553047 149416 
984320 -997241 850169 191490 733887 
-865890 -387953 548764 640538 672961 
-804261 -220810 -206920 -223070 891834 
-762897 402921 816526 427978 -477100 
-242938 -849189 637079 -562140 -639258 
-287417 -435664 369733 578407 -910932 
602377 569627 651720 257051 498179 
608414 687415 292997 -114469 -702205 
273906 -303292 525987 -764289 -48331 
-966977 601719 -168531 -200270 637032 
947012 -67747 -65389 765102 341266 
978497 -592616 762172 992841 -428638 
262198 -725999 46707 -944600 692162 
-805039 83320 -127 -392771 -497550 
-946354 914876 -963310 -188219 796912 
718053 -636368 -167438 -580520 -274821 
605209 382368 -486618 258437 -856650 
-544102 225420 446858 -272395 -164187 
-451360 870773 -115041 -160451 -197945 
480869 -582352 969143 -988976 841225 
-530501 767506 -428224 -843575 270862 
-462088 -829974 -844529 -808165 90286 
-701557 -106227 963008 400045 -297748 
-322703 660071 -13141 300635 11785 
-32932 437287 -682277 -67993 -862891 
659143 -584827 664843 -983530 -62332 
189769 842199 542337 140408 950098 
-919454 -103693 614772 -750628 -110817 
240959 -28195 -857180 -970208 560138 
-33015 -135030 294323 -391025 -363597 
-185455 -785101 826411 -707140 -986332 
-52870 762884 172537 -330838 -298572 
-897862 -896143 898808 -261245 -536803 
-165598 284831 182381 182708 499089 
750252 -631065 -163828 509347 -102870 
-872899 -816193 334232 -478658 25844 
32422 289493 -412569 175244 -593054 
983898 110984 -246060 982621 271064 
-161288 -343032 -899672 658784 554485 
394432 492834 944831 -362250 -81342 
-143594 -993038 327937 528439 372149 
62876 -893936 -132588 -357266 -663500 
766501 92971 -806386 637117 -69912 
-297557 823275 -16690 -709956 908050 
-203501 -653033 472656 -113534 -38416 
584532 399937 -899334 221027 191721 
-671365 421948 -41094 628374 -797849 
363534 888766 746751 -508766 -756726 
-820884 718793 633875 642974 -227303 
-684653 269375 -961445 -81609 905250 
-946358 -248425 57769 -123493 -556514 
278635 -283854 516969 -608621 -902265 
133538 192950 -3165 -565254 916746 
921145 328671 890835 -689286 -952917 
-668754 -75937 649046 782133 460324 
346481 -519931 405722 -765775 942730 
545620 928047 209711 335717 -165710 
-254585 -344651 553946 -351661 -782417 
336234 -638253 -370200 -788615 -693742 
-251152 345866 127680 -640780 -616839 
458672 -399803 -316580 646794 -868995 
121174 940748 62740 -510823 747757 
-708242 629036 -571078 -388289 845378 
-129534 -118983 -105446 3309 530699 
-743948 827256 -941885 -430239 -598211 
358366 428479 644396 -184096 711820 
-715628 -323427 292252 -868255 10666 
112396 374736 -993376 -166820 -6236 
-426672 -966441 53727 984396 867065 
34266 416713 726686 66730 -405655 
171596 -232003 525239 979218 827601 
-882093 -158024 -435488 92013 -575234 
-686468 866614 -30222 604296 -713990 
64550 842649 435254 115179 -580762 
-502581 -382918 325598 571657 -975189 
98017 -127642 948635 -822189 -997581 
-446243 159633 -817333 -228283 -173735 
181806 -532691 -95518 716412 386152 
186846 -3276 -815180 893813 -208217 
-688569 -644972 348064 -46972 -454498 
594633 612666 61342 -480097 -277173 
247547 975017 351750 919285 471713 
-419841 -238566 -524078 -444615 13238 
-382459 661426 512830 -191193 -285790 
-300661 -158942 740854 -698334 -797007 
352425 -929101 903343 -131070 334025 
659217 -206680 602552 -832586 -635971 
919591 529591 -366680 505190 -521057 
255602 -420119 -693163 832385 -572526 
20449 -604607 565812 -903818 -280592 
710680 27732 891745 457350 167482 
245311 -448102 158694 32383 793443 
10960 -709187 70611 153421 619092 
-495733 -105988 -7301 -237914 -967968 
-28329 619965 -477542 -798514 -680650 
-572832 868151 -694533 -671700 586064 
380144 253349 -651284 511618 -103970 
-379825 -92037 -660276 -771005 714127 
-402058 652843 -624186 -787074 -151973 
298966 -604444 28325 -54827 -762781 
-764497 -990476 773072 715419 345160 
644668 20140 101871 697922 116969 
837913 -16671 -199406 550960 748602 
-657017 480037 -239747 548763 -151237 
-192299 416578 -404596 715260 205937 
770696 418987 229586 -268253 -9031 
-29514 217582 -806138 507919 -438252 
-258943 626297 -13563 158341 -611678 
71853 -430078 574202 -778437 -712702 
568738 327319 437881 -859303 -681184 
-814176 -172321 -326491 877079 793212 
-393120 252451 -825520 765559 -234987 
-735237 -744052 168962 745241 -393199 
569999 467260 617935 110571 -674078 
512888 -646959 -860133 318600 -603785 
-447172 -141733 920915 341769 -379650 
-667562 964108 414290 708692 990151 
133673 -958581 730257 583113 -479536 
67347 334848 500766 510254 103906 
-903393 87877 329789 -172925 -345315 
-817766 -486191 258309 -95901 199149 
-323691 38058 -377680 -860920 843329 
31328 -809895 -985640 100108 63197 
995361 474800 652398 -219876 505182 
664419 69220 -493761 -532695 816012 
287406 -753158 -40955 914109 -333960 
-1006 534062 464414 262517 -22664 
461059 -880592 -427507 -781949 -755104 
652501 152452 -771410 -671739 -641320 
107480 -571861 288234 254817 392772 
-511088 8441 -574582 927104 215895 
-745230 -382392 -7707 903536 -602901 
21313 980013 75426 307120 -53617 
46346 -207896 -493230 478476 -840979 
443855 322148 -787293 987007 900899 
753868 337681 -914287 546201 -412958 
-928316 965511 -778979 -194619 782635 
-289824 -100492 -639452 -336003 197831 
-644172 -576220 768301 509596 -403291 
443851 -108347 649937 944833 -161054 
-653895 -950650 761983 -874549 -646906 
736424 -558903 205534 -722943 381079 
641669 70243 -792548 632516 401052 
-500169 -509089 782054 -317157 91715 
341272 -821859 372438 292951 268364 
203023 587259 415857 306935 70287 
747570 593724 -77491 6735 650275 
-311537 259759 -30961 -536499 -68749 
854112 -13915 -20981 853955 -853057 
-187996 -63106 410473 630743 -254120 
-5583 -921106 -854360 -538653 -816946 
784622 -57696 892751 208205 -226803 
-169123 652869 905770 -71607 -982174 
-234138 376945 649441 593260 -116538 
-48583 -311499 490411 81650 816185 
542279 698534 -235532 -996142 365632 
-173477 223606 961373 -90778 296500 
-184541 -997879 493222 393759 851125 
856189 -125260 787256 -875459 429741 
388635 478466 -562144 -870754 -128967 
855627 -719144 -814421 -615493 -221923 
160845 656961 151181 742803 -764526 
-639192 -416162 330757 507762 591791 
320485 70581 -650248 -918680 -687013 
10461 622823 -566173 -486534 372344 
-809357 397143 -495988 347587 -764617 
977664 821934 596093 954925 712136 
-497793 -894944 992459 150896 -589156 
551181 443611 880209 165623 -608060 
-793764 709862 284865 -219195 -853228 
-297060 -546228 457630 576215 851538 
-465984 -106751 769665 59388 412584 
-184828 589107 -719638 242440 859152 
-409579 -238024 43383 138259 -444086 
-726394 276574 103573 396298 311107 
765765 -832984 510010 -138513 990830 
-1956 540894 18649 427319 -426140 
723080 170969 265058 256658 80008 
-960022 728012 53629 20266 916741 
64866 522314 -56943 435859 833832 
963840 363241 -975903 560883 21851 
-893242 88816 165629 545820 334935 
-873478 79516 827976 452070 -581933 
-402954 80658 -732713 -980228 504177 
-471456 11707 595649 568862 791 
-894211 -863020 717778 -355054 -472475 
780901 -559607 -364225 252856 11733 
808521 996398 -167238 637248 923605 
-783139 -324925 -237723 -274209 -598152 
-796361 246562 -383479 395350 233785 
765957 -39665 -568353 -971081 -577031 
-978714 174115 261795 76365 -11774 
-504324 778706 -189567 -78886 74230 
61430 595546 -723805 -108525 767634 
57777 564013 796151 612872 -826020 
427040 977328 -700908 -73577 495755 
-238364 264742 -866945 356960 368238 
-656049 867246 -317787 -382726 -932134 
478656 -121835 -406421 -763591 -901528 
-532565 -590456 318599 338898 -816131 
-775394 508895 706088 -473682 123652 
290749 -213462 936629 -414399 -369385 
-394825 204290 408130 -668628 459537 
-184333 577193 -893323 132327 155912 
523336 463277 -730164 -237030 -616877 
-507978 -77803 -451397 -466615 688779 
-603768 -857311 -506305 -137830 -940967 
637601 -846764 169736 573533 -10632 
-731687 161565 658689 603928 779164 
118124 -369027 -986086 -286694 519332 
940755 -492646 245657 316628 -845823 
-34028 -487049 459248 812339 202014 
473399 935945 179213 -86805 586155 
-197254 -521370 475234 884678 344073 
963164 71805 367539 -212840 -458094 
-854529 -858479 -393270 896719 820215 
849052 728297 -980218 -648623 -200140 
-269295 -556066 620331 429883 420701 
557720 34898 -691427 284248 366791 
-831778 -930652 784919 -302607 343544 
887598 -181844 908294 457828 798856 
-683979 473743 -528654 -254949 -233351 
808744 -357539 -253933 422113 -527203 
796252 804446 943783 -133278 655484 
-289567 636245 949286 -283434 210337 
-855663 -481239 2309 716252 -669049 
-843914 -992883 -104855 591955 -78602 
456631 679624 680540 75458 523556 
823166 475808 -751232 -573476 -491583 
708683 602988 -36632 678790 -218788 
731024 -571766 805564 -104687 -75541 
301000 -557157 971985 -270343 -391875 
-153522 143466 10225 -39616 -239278 
239635 391802 -935043 995053 -664958 
-248113 747499 -465526 484702 119763 
-294805 -229318 283891 -816450 563118 
575165 -631542 789733 -876467 944690 
-24423 802018 -653848 -567276 613135 
617014 -423639 564812 -962509 291380 
-98436 168635 -621112 575452 -47338 
-676645 558474 834398 927266 -40593 
-85615 979409 179331 -801839 -705679 
-728431 -329719 713600 -516426 875677 
256277 587830 -654177 -986362 545293 
-330316 -143123 545817 -306427 413919 
693875 935589 330707 -514450 446328 
-265446 549469 988820 763921 -514738 
-345387 745666 -203995 -138219 743573 
-469594 990785 -468193 -308052 -855621 
205508 -584976 -390392 474648 -115921 
-29469 -756703 544135 492766 -821567 
-174549 951449 -385236 953657 -507456 
653959 -494005 353519 576484 -797790 
960226 -233664 478433 761569 -483741 
-558106 -699774 -600452 1129 941815 
600793 810249 931229 -925522 309369 
297409 -882873 -574349 55772 -758931 
-194844 -78764 340145 -868582 412 
-644023 949879 -215121 -639151 -714767 
-60934 781229 58038 459573 -3186 
110303 183636 -700673 799515 759403 
232893 -353504 -323393 -635031 -265590 
623983 675729 -7461 -973044 161335 
-899743 -233304 -246887 -744052 -686608 
-588663 441335 432022 -504289 998406 
-717865 -552432 -931083 320690 76932 
-301125 -722223 -352840 828206 967153 
-261696 250015 410908 900898 709733 
271925 -684814 -972708 120877 66773 
269593 -182674 435710 696861 395243 
710007 281253 363147 42295 551630 
-982871 -876489 -805154 -772727 -49539 
-801528 745080 471569 -509315 -697997 
585398 634032 944035 -95390 -39766 
63969 902176 -929655 -752905 266719 
-447534 393299 -363345 45464 -261235 
-507904 578194 489478 -97905 -230742 
707236 733049 -432142 952322 -417709 
529577 -990024 111756 854453 -623614 
-679701 -415451 -685852 426391 -984747 
-258942 -578729 687388 564148 393282 
-105022 -481188 -190140 -881093 -551121 
-638992 -75477 167627 -423627 4637 
335207 552242 579490 232397 352843 
738401 -725691 -551327 255053 164438 
850096 627080 -484830 241374 705749 
118909 -707381 327730 475705 146955 
973641 -168967 847320 817780 -161804 
449564 166303 -662452 427031 318592 
-557184 176604 517770 489689 -914448 
738528 307157 -802753 245152 -821997 
231167 486020 592596 -392901 720195 
268199 -249076 292242 -532930 -709956 
174670 593583 466809 920231 867369 
826764 -209618 -482634 -921354 625888 
686243 -572476 912930 792314 249027 
963586 -55699 272226 464325 -747359 
165927 -229958 708710 -399248 257681 
-431739 958940 -74817 -710569 833444 
-898919 48649 115902 -933222 -851343 
408793 854512 -161989 -591388 -577434 
975895 253332 -886819 -594406 -519658 
-238897 -642115 -467922 486325 -942520 
23519 71209 -313881 88452 918108 
-631435 671200 -476852 737819 723358 
989736 -838437 811365 -463080 869110 
-850888 -121328 -763268 -918699 -415924 
-635315 -288910 -563029 -463865 -420299 
-876202 -803993 654698 -133375 -144928 
-418320 419853 845498 25750 -138767 
909831 553437 -25714 -736208 -986075 
-206987 -346165 -866149 322063 424453 
45111 -876568 611772 -333079 -33188 
485591 -568666 -416038 -742662 -87902 
489379 -777317 -621921 -502098 175714 
72327 -802747 -620195 424336 -481021 
855194 -688929 -270780 609520 -246630 
-235144 64216 -799792 654677 -735863 
-233266 575879 736976 476479 -201136 
-813680 -72914 -917780 728026 388708 
-397236 993535 -628409 11339 857892 
-19351 149975 854645 -994993 552594 
-739830 297932 485546 -368796 673505 
932891 -492598 632502 885643 -72755 
-534131 -557816 249216 -731841 67858 
-633605 -466381 -861217 175431 -866338 
219486 438350 511612 95779 -873767 
94273 -735345 -950866 -553955 963698 
-603347 -788678 518674 679608 107354 
-892529 -673320 -477420 -113647 -712642 
-41434 -902915 -71075 403494 -594128 
875263 705658 638585 -746513 -756326 
304533 900427 -507719 121056 503234 
887633 -431248 -107482 -920352 -587550 
487339 -349816 -511706 30774 786032 
343351 -392560 -584859 -967279 958802 
-258738 472919 -916546 688664 589765 
-141328 27852 -761477 647616 112701 
394582 -342905 -876003 -408373 -674052 
177779 281079 -171667 334608 -900915 
-668820 -47495 164648 255654 -324254 
740050 114871 -409700 118551 331978 
-4354 -289601 -562233 230765 -788743 
-745937 -684831 -809156 -950827 -413911 
-969133 -515206 -340720 -650633 -505275 
597621 623351 666803 651711 198539 
-91351 576672 -655154 -813092 472870 
500925 -376250 831848 368759 775569 
655213 -117361 -122863 56660 -960938 
-444301 -764369 954131 -929353 -654844 
392833 378573 409868 -337563 348986 
85930 93340 625171 218660 995901 
-999661 -475474 -409774 -962324 368939 
-299917 -180820 -732706 784537 735392 
-482979 757597 267961 -286220 -771349 
766365 255065 -182087 -508542 45048 
312235 79066 -894238 354241 -268772 
397806 -6417 -181088 -135513 505936 
-115505 -912668 27719 964032 -37935 
-609450 82921 104471 268781 525522 
-587589 -46841 -408927 964392 -606208 
958244 -566427 223002 -513461 147141 
699516 -194889 -657138 -465754 764028 
536617 -931780 278304 130301 228673 
820501 -158090 -58009 509803 -200697 
76797 540785 231505 -843527 778145 
420341 226576 -151858 -485273 -573938 
-822080 425948 398964 -802823 838467 
439518 483125 -643382 425002 -718249 
-991712 528399 552529 -633082 174910 
613018 526490 491377 -758213 -447435 
-399807 154117 142364 706040 569483 
76572 -162124 887296 -848402 -804075 
-378587 588377 690962 -365802 16164 
-329424 848836 505648 737541 -162240 
-50605 -523936 -405915 -357881 570775 
304027 541252 -357132 -827802 -790658 
-932717 738824 -452226 343803 -101959 
346958 -773832 -100717 -358292 -718242 
875468 -767198 -210100 -516086 -646429 
-393870 627709 90592 433681 606912 
-322278 -905596 615523 -909023 -480405 
-800345 -417182 -636940 -588346 -567693 
-533194 808034 -604348 238285 698559 
304196 -359274 69616 -86911 242548 
78181 826041 601651 -784230 -803818 
490644 63156 508882 -865872 626825 
-898223 788225 559757 113544 -341881 
-563334 -401227 669369 208687 -629078 
782112 -316699 -717536 32751 591218 
886490 -660465 451253 -507611 240551 
-806497 -252114 213435 249419 307499 
-555997 -806162 910136 -87590 22607 
-313865 589938 -601036 219344 118506 
-797580 111995 262693 -534209 -207121 
205116 143823 141702 -134552 472534 
573331 -235857 125944 -666999 428870 
-395460 -702985 853912 610977 -303510 
287386 229755 475821 -585206 -608611 
681095 380717 640658 -84519 -843781 
70912 -461290 728381 96078 -69175 
-950911 -482476 61352 -953039 63160 
-18926 -926874 691521 696079 143035 
164025 26395 -354318 785057 -524371 
619783 -756735 -287858 -956637 -787178 
-489103 -841385 309346 -690992 -933247 
-516905 -253954 -317402 -520318 -761553 
718595 867543 472185 494368 645938 
715965 -602471 -576312 5017 146676 
680608 956095 -662840 647951 -656112 
-455704 265043 651177 -583655 -371290 
-706933 -570132 -9975 -299823 809647 
556648 -954420 393364 110008 492240 
807168 -981657 115720 -651878 14068 
-651339 -511838 -944490 317983 -384033 
-655778 -655810 -55014 -147050 -348806 
-906522 751420 191552 144273 562019 
-947157 -740734 938927 -721856 430431 
-52871 -208334 -349207 -172759 -195224 
-836611 397277 -657455 448355 -526859 
823901 -2202 -502532 406038 82191 
182808 861906 166617 -661188 -253913 
341747 249789 -525086 -307737 395016 
955195 908175 -131826 360759 -915347 
270579 -29856 943096 -238626 -116582 
-973986 -970577 100671 -326501 975116 
-495410 711816 624884 913781 -197462 
415124 77866 456284 107598 -236818 
428136 -424681 -87585 868370 -161840 
858610 -388259 -256987 702556 380084 
520463 -135333 100891 901974 596906 
334928 593006 648129 -590923 869134 
-639584 490855 -34740 799677 731851 
919615 348057 -640503 297364 -380753 
-460493 -860420 -804145 -799282 -309741 
-355706 526519 -79275 -753209 77854 
-748800 560353 -374160 501511 -658406 
879668 36987 -191862 -813282 -342137 
486650 902270 -629168 -37808 -30950 
228063 18230 524999 -126587 378877 
832820 -514509 388369 789009 360113 
652542 986708 957046 134359 494660 
-764326 -762465 536981 961649 -918242 
660802 -496497 666446 820413 -676155 
906107 688956 895055 -695698 511832 
567512 360280 -292885 -563934 342538 
-163663 -373072 110739 641875 879378 
128929 772781 -56003 900446 -278353 
-42281 -933180 -343383 -744386 -663087 
-580123 -236597 324531 124207 -902902 
-400527 -694762 979114 931125 -698618 
-694964 -194770 -238944 453156 -326955 
445247 277321 -476300 690286 -302075 
-972847 -474243 799316 -530198 937900 
-232516 -364330 -59800 246685 -200407 
323748 -481273 208835 153483 -529986 
767992 -231911 -451383 111024 250652 
-767185 -56662 643896 203108 653485 
732025 -177374 17284 -581541 446527 
-266670 -271286 5303 -386647 524422 
14667 -497890 39738 300343 566760 
576074 754547 995515 60593 -867221 
-487764 -17368 -206265 583876 859931 
-133565 780965 -620741 -642608 -481604 
246206 -873212 -24363 -182437 683703 
514257 639821 -756528 -690933 -271141 
-214955 381523 -592776 638465 985352 
-435990 -28742 253633 -543205 728631 
-930593 281590 -638332 -382485 -296082 
-203071 -351816 960193 156276 -467082 
-245083 -762445 -215096 -434796 697613 
685942 386998 -636862 -953771 719808 
-267323 537054 90265 635375 820373 
389939 841045 347140 -458129 -782395 
688084 -780905 -878161 -46359 -386628 
52558 -384723 545017 693341 334920 
57237 353416 326316 880291 -431162 
-692464 384264 -151905 -872263 -513812 
675318 603236 551876 624642 -919974 
-276278 -638007 -464110 862523 -302502 
70321 -443999 276951 -583249 -983998 
496807 -418982 443237 -244058 -431346 
827297 577863 211173 -462284 321654 
-926681 736987 -233118 926331 177000 
-14007 -404030 -320100 -274958 259076 
128659 949487 429133 -564556 -850995 
485439 -668130 -394517 -806200 -683680 
838393 -841389 -24641 340126 -490312 
-371741 -544442 -562797 -41725 -608328 
468096 -137814 -430914 -843637 -885955 
426633 200643 659001 879844 854707 
-591404 2175 700435 905763 49607 
654231 664347 -823104 -811729 449633 
382495 -464105 -581052 -774486 -542506 
200080 233805 -406491 -432812 -370770 
279082 -689214 -753692 -816496 225980 
364238 -720436 418342 -118869 876448 
270393 -96171 907327 389998 -515045 
25682 -578638 874946 -806107 321228 
-658970 -472835 540401 792308 -115951 
725504 307289 -975293 826358 572724 
-820158 629938 -677353 745676 -227555 
-845570 -611657 639136 -302214 275537 
879913 481497 121265 997048 -358075 
680388 860606 -541912 -625819 325448 
-949371 -519401 -359297 386114 7472 
-597055 226452 -49046 191632 -436773 
-660321 -277405 -6750 277008 618196 
-305260 -232993 -67766 311511 -277248 
53273 -423881 -139058 910834 -299482 
-612074 -717939 493538 210129 -172644 
-944282 -45660 553366 -316810 -263486 
-768180 667034 -480302 -90292 979354 
-698037 16747 699604 704707 -614615 
-748490 -83961 289928 -612375 -358254 
244714 -824195 880078 733287 -870703 
-59696 -113552 273444 529097 -893407 
194059 822158 687843 716798 -442508 
-816522 -43308 397087 -374121 -770486 
-998031 322349 -236840 305076 -740055 
660883 901535 -698812 396866 920734 
997292 -872236 598173 -943407 564859 
-883523 -836611 525784 363523 -674877 
-927201 645507 447872 702348 24990 
132891 -182620 868187 247131 -801682 
339566 -211563 -88101 444745 -574291 
995050 442747 -483666 362543 654738 
445495 -300297 856449 863945 -440284 
-325036 -795430 -151479 -245054 946104 
520386 65702 389956 -247829 -772971 
258357 679770 -707708 -254822 230592 
148919 266998 392352 100244 916785 
458725 27261 674288 921567 620735 
691724 79628 869685 -227855 997596 
-467674 -901091 692113 -745674 169205 
289673 -101393 -467517 -32903 721753 
-874034 -852307 361836 -961447 837294 
-636833 -578541 802736 823294 443901 
568742 -306207 -798517 471452 -167989 
935734 -543458 -796842 840147 -154021 
43918 839779 -230693 -552212 -297380 
458230 63768 130879 923930 121458 
260549 854133 -393466 298926 925800 
157150 303649 -418435 -963642 -921077 
876492 -979679 -531892 -261003 -174655 
-464695 938970 -284018 692696 -423571 
463550 542342 670387 -982432 58010 
-645383 383820 447802 -445620 873430 
131146 -486574 -393775 -337128 515327 
-778247 -255005 418313 403133 -871010 
887144 45829 -458932 55764 994671 
717904 866573 769586 112843 -973890 
392345 489770 585060 -266998 93768 
-457193 -179949 -553499 823169 605460 
552056 624256 930935 513641 -294286 
-605581 -665239 704447 540858 679865 
24330 -289903 558984 82396 -279592 
-933478 507865 268728 133467 -756080 
809541 104454 83283 -993412 929848 
260593 327642 61860 785839 -351122 
-604743 428114 296958 648917 427427 
-79313 72716 -39305 -60818 -434986 
468311 -935731 -580344 985523 275167 
197110 746956 298107 -570532 377390 
-23406 601198 80331 913748 770437 
151878 -767784 938759 325821 908957 
-969313 139549 -747572 255484 -774621 
892862 -551507 -444638 955138 -875915 
687360 -154289 116943 532622 923808 
-896553 -778664 -641823 -241755 -597647 
919900 -383342 -319190 498530 -987131 
-418109 24607 853085 -548850 -63605 
-415286 -997421 -331984 843459 54334 
418060 352836 -250929 823583 503403 
-748340 -915415 92972 -735393 847017 
-382271 -179881 238999 495148 -852375 
-362066 -615525 38551 908733 -923008 
431606 -552962 -969546 577686 -249453 
-509055 546532 -69873 156091 971113 
654221 -365666 -86368 -646222 -380214 
-46931 801078 -490702 743212 -556241 
777819 91719 -446430 -251653 851772 
-297899 -17514 -655490 84481 957402 
235439 775688 -337873 -665812 -460002 
887001 -138168 -773900 232442 -51465 
-593111 801447 177169 450713 362310 
-896889 574866 -451337 -540462 -360534 
327871 -81607 -557812 601980 -754707 
344984 583199 435036 970798 913101 
899785 -859664 -991473 -472759 773470 
155247 -242026 320870 -232372 332240 
760127 416384 591912 3345 91186 
308103 809294 996180 164533 -770734 
-786127 -336395 -738791 605596 278284 
875320 -302625 915066 33970 927207 
-236849 -470129 -413442 788118 115636 
-262634 538610 133303 875571 455105 
-562042 943116 261644 -695622 939173 
-82139 826363 190866 -601301 -729006 
-553152 121018 340310 -427827 928223 
-526397 970256 436184 -693125 402557 
283969 950362 -418954 752559 689843 
-956380 -518022 -42926 664609 753561 
-506179 -307778 752561 936021 210142 
994051 -388925 -979755 -264299 727520 
-440354 32784 -749945 369962 -486661 
-311836 959984 -402437 870352 355209 
364816 -851600 -838324 -785137 -234845 
565203 642582 796499 239811 625788 
879917 583605 762850 -742508 -502290 
877318 -223051 970767 17681 151389 
996448 329725 882182 -101115 -76050 
845958 -697981 137725 416936 270269 
-521110 -691252 -605616 -838990 -360828 
-562377 -926924 931586 278494 -762489 
-513876 -337431 -400816 615142 -816470 
-483462 -835287 -602480 960649 -891922 
651679 -644177 185333 750994 215204 
847975 166565 -281577 -694898 -884752 
611136 -69121 -350807 -987552 -152202 
651056 136901 -102881 -985843 -490672 
-485800 -240626 -192512 -591907 -508369 
-351397 798430 940762 -602788 88123 
-595899 -26320 354484 912874 -506201 
-220487 368796 149582 -881828 -2944 
-574924 69675 37870 930493 613340 
-716033 878896 -138971 -317694 -350285 
-759196 -232419 -348372 -482183 491524 
-179299 308116 610421 501124 -350557 
527927 5494 -783147 771706 65732 
-198966 -184484 639289 -559104 577739 
861460 -319539 -739501 -146238 723386 
-80388 -262131 -199309 879963 -961217 
908013 -761379 -353113 -648761 -148714 
-130807 -447969 -681749 -138990 743125 
431989 -765160 439617 112893 -771902 
537519 -650977 593848 277841 -72865 
847695 -917165 635385 853629 -216061 
-99321 517812 -561066 844392 516249 
1
-480894 -148554 365802 -487943 -182753 

