87
111 49 194 190 150 124 1 102 95 62 53 122 31 7 105 113 180 27 79 173 39 79 82 94 19 45 102 82 14 27 119 125 27 62 115 127 186 66 28 31 79 31 103 110 38 7 173 168 185 51 140 23 131 21 117 100 16 169 182 30 147 101 156 174 163 20 50 99 86 78 80 165 59 183 74 47 190 47 14 174 98 104 197 28 126 64 79 
10 10 10 10 10 10 10 10 10 10 10 10 10 10 10 10 10 10 10 10 10 10 10 10 10 10 10 10 10 10 10 10 10 10 10 10 10 10 10 10 10 10 10 10 10 10 10 10 10 10 10 10 10 10 10 10 10 10 10 10 10 10 10 10 10 10 10 10 10 10 10 10 10 10 10 10 10 10 10 10 10 10 10 10 10 10 10 
99
129 1022722537
200 915069770
133 1276228311
103 131543688
176 1321009681
139 59281543
158 2037066310
125 1906177977
171 1397135120
140 1493919701
152 354821738
104 1040656749
155 2142594929
183 1429724299
195 1872833049
198 472476875
165 793980317
166 1405891884
118 1243639515
172 1251012594
105 208446305
120 1324801932
123 1469595820
133 1509930835
142 201447510
139 235506343
141 302077414
175 2006776341
141 1961923986
194 833134887
178 390645510
125 287861142
119 545674089
106 1107350273
194 1083704584
131 58995104
120 1521172887
127 1390179422
163 319809316
103 1562531919
166 1608993131
164 1077525639
152 926717374
168 60775159
127 78351107
194 280947016
185 52037592
180 1653621977
143 115077070
175 239541271
197 824367454
167 343448427
122 1682332976
126 1041341319
119 338770376
155 375915036
138 106943872
158 1711349971
190 242774892
114 1774818490
120 518550961
188 790122182
160 477089550
175 1168299800
186 909748645
104 1790947740
154 1706376944
164 1932172257
130 1720539934
127 1095884482
153 1282419153
167 1859589802
168 777756113
180 275540222
184 1048097141
140 1341656469
134 1958640103
107 2137236153
194 280555013
162 880412191
198 418409294
126 776935473
102 510788368
161 1218528395
180 1387653610
181 2143154664
136 1638728314
155 1911951671
104 1131232727
194 1289531316
127 2090366456
157 1598493888
194 467998673
121 42284835
180 598814685
132 1938856708
182 1446572943
161 994526001
115 1129932182
