115 860
akodctsndsejblrpavkvvowfxtrbirdidtoimgvrbbdcmuunpekksjrrelsnexvitlqfunzvoczbwtqmycyslqksbeffeapxoheiwddlfeoeyesyiqq
1 12 c
1 50 h
4 17 73 21
3 49 113
3 40 56
3 96 113
2 25
2 79
4 33 54 21
4 54 93 46
1 50 w
1 47 f
4 44 95 10
4 81 29 13
3 9 83
1 34 t
1 35 j
4 22 84 83
2 35
4 28 37 59
3 26 115
4 107 79 6
1 71 d
1 3 u
2 119
1 107 r
1 28 a
1 74 g
2 51
4 66 59 5
2 73
1 108 e
2 97
4 87 113 19
2 91
2 66
3 42 89
4 12 71 22
3 13 88
4 3 85 107
4 60 79 11
3 57 117
1 70 r
2 60
1 4 z
2 70
3 4 70
2 82
2 100
3 21 67
2 54
3 20 27
1 1 m
4 0 83 75
2 81
1 94 r
4 93 33 2
4 24 29 51
2 107
1 15 y
2 89
1 79 h
2 71
3 22 114
4 63 18 15
4 9 20 47
2 75
3 7 77
3 4 83
4 62 49 11
4 29 103 18
1 71 n
1 72 l
3 39 87
1 97 s
3 45 100
4 23 64 17
2 65
4 6 68 65
3 41 71
1 72 e
1 72 t
1 90 e
4 35 89 74
2 55
2 75
4 26 105 17
4 10 33 45
1 2 k
4 95 65 11
3 27 60
1 57 o
4 76 106 14
4 46 61 40
4 60 93 41
2 101
3 2 12
2 38
3 18 35
4 71 44 8
2 27
2 40
3 13 98
2 4
1 36 g
2 59
4 33 106 35
2 104
1 37 t
2 23
1 12 s
2 35
2 6
2 19
4 18 22 22
1 60 d
4 60 85 32
3 18 94
3 110 111
4 39 84 73
1 76 g
2 8
4 24 64 7
2 95
4 11 36 45
2 69
3 34 40
4 56 46 35
2 48
1 84 j
1 73 t
1 12 w
2 56
4 92 96 9
1 100 z
4 71 61 29
3 27 39
2 38
1 87 t
1 55 x
4 34 102 39
1 75 v
2 99
3 85 109
3 97 111
1 8 b
4 61 34 41
4 5 47 50
3 5 9
3 54 80
3 30 59
3 37 93
1 107 l
4 47 6 27
1 44 n
1 19 y
2 113
4 0 102 99
4 61 97 25
1 86 e
2 42
3 30 63
3 37 71
2 3
2 26
1 86 f
1 8 d
2 89
2 100
4 23 33 45
2 4
2 84
3 6 96
2 33
1 7 a
2 25
4 7 83 49
4 30 98 3
4 100 22 1
4 49 19 55
2 34
3 15 72
2 74
3 52 77
3 41 73
4 68 13 15
4 64 40 16
1 109 z
2 93
2 81
4 36 12 6
3 22 42
1 35 n
3 3 57
1 29 k
4 3 84 9
2 109
1 0 l
4 61 22 38
2 104
3 3 27
3 75 82
2 21
3 59 64
1 29 t
4 36 57 51
2 70
2 45
3 5 41
2 37
2 97
1 103 b
4 40 50 55
2 89
2 50
2 56
4 26 90 59
1 81 l
2 63
1 22 v
1 90 w
1 2 h
1 100 j
4 24 82 28
1 68 k
1 50 o
4 15 75 6
3 30 105
1 27 x
3 48 76
2 94
3 0 82
3 51 92
3 0 50
2 60
3 7 18
4 58 105 41
3 16 80
3 65 100
3 62 67
3 8 49
2 67
2 49
2 22
1 91 d
3 42 63
1 43 p
4 4 61 78
4 31 38 43
2 79
1 17 b
3 54 62
4 27 10 56
3 88 92
2 95
3 22 76
3 39 71
2 79
3 27 73
3 73 74
1 55 u
1 100 b
3 47 104
3 8 22
1 14 r
3 78 86
1 11 y
3 52 88
2 79
1 2 y
3 62 81
2 90
2 51
4 11 57 42
2 73
2 96
1 76 a
4 36 75 9
4 21 73 2
4 57 39 43
2 47
4 25 63 74
4 51 69 34
2 89
4 50 81 54
4 18 30 64
2 10
3 12 96
2 95
1 53 g
4 52 69 2
2 90
2 84
4 45 32 41
2 84
4 3 98 41
3 13 53
4 11 27 21
4 4 39 69
3 26 94
2 19
1 39 a
3 21 39
3 1 86
1 74 i
4 11 42 41
1 75 o
4 46 99 28
3 14 73
1 37 t
3 71 73
2 96
4 20 100 65
3 73 90
3 81 87
3 91 101
3 9 49
3 57 69
2 12
3 32 99
1 68 o
2 46
4 51 30 43
1 67 o
2 55
2 52
4 13 82 31
2 68
2 57
3 46 64
3 28 65
3 30 57
2 48
3 40 44
1 54 s
4 53 95 37
1 80 e
4 3 3 14
2 23
1 82 k
1 85 l
1 71 e
2 82
3 7 97
3 57 67
3 11 96
4 24 90 41
1 89 k
3 8 83
2 80
3 9 44
4 72 59 10
3 11 78
1 98 e
3 14 75
1 62 u
4 83 5 18
1 75 i
3 31 41
4 42 88 16
4 27 37 46
1 40 g
1 32 f
1 95 e
3 20 45
2 51
1 48 c
1 88 m
3 15 31
3 64 86
4 19 5 31
3 26 87
1 80 p
1 37 c
1 61 h
2 60
3 34 44
4 16 100 58
1 93 r
3 3 39
2 27
2 5
1 57 u
1 47 j
1 80 n
2 61
4 4 59 79
4 54 59 43
4 4 84 73
4 87 45 20
3 5 104
1 6 h
3 7 31
3 0 109
2 18
3 43 86
3 36 50
4 0 74 65
3 8 48
3 4 68
4 5 3 28
1 101 o
4 49 83 6
4 22 65 85
4 55 102 42
2 72
2 53
3 10 57
1 41 w
3 27 41
4 46 81 27
3 46 48
3 11 106
2 67
3 1 34
2 6
4 94 36 2
2 5
4 18 36 77
4 30 1 2
4 14 27 57
2 4
2 75
3 28 31
1 0 e
2 61
1 26 n
4 51 15 54
4 8 39 73
3 33 44
1 68 a
4 82 50 15
2 1
1 8 a
1 40 f
2 7
4 20 29 39
2 57
4 66 30 29
2 96
1 93 f
3 19 46
3 5 78
4 0 58 106
1 49 w
4 6 53 10
4 5 76 11
2 30
1 0 m
3 37 52
2 105
2 64
2 58
1 31 u
1 32 u
1 105 r
1 44 x
3 19 52
4 25 64 68
1 17 c
3 14 44
4 43 19 50
3 34 93
2 49
4 49 56 2
3 37 76
3 44 90
3 4 54
3 26 45
3 16 17
2 86
3 30 101
1 4 u
3 31 87
2 7
1 43 l
3 47 80
2 32
2 106
1 77 v
2 91
4 41 32 26
2 2
2 104
1 51 c
3 74 91
1 39 l
4 62 4 11
2 67
1 67 u
2 36
2 70
1 91 j
3 61 92
3 3 92
3 31 91
2 99
4 63 76 3
1 54 s
1 1 t
2 68
2 54
1 85 m
1 19 w
3 58 58
1 64 f
4 45 51 12
1 68 x
4 5 41 96
2 30
1 6 b
3 44 57
3 53 54
4 37 5 67
2 84
3 34 36
2 24
1 98 r
1 26 c
2 31
2 38
2 19
1 34 j
1 97 y
4 61 25 18
3 35 37
3 5 101
3 30 80
3 3 14
4 66 11 37
1 49 k
2 82
3 87 102
4 78 102 15
3 59 88
2 16
1 82 m
3 62 92
1 80 g
4 20 82 60
4 23 101 34
3 14 87
1 8 u
4 42 4 5
2 25
4 0 34 16
1 91 e
3 61 91
3 36 76
3 33 77
4 8 41 5
1 32 j
1 89 c
1 5 u
2 20
2 76
1 12 k
2 106
1 12 o
3 74 84
2 20
2 60
2 97
2 77
3 21 88
4 34 64 63
2 87
2 82
3 15 104
1 13 o
2 82
3 8 11
2 34
1 61 y
2 70
2 86
2 62
1 58 q
4 57 100 23
4 48 100 21
1 53 z
3 89 102
2 94
4 3 40 30
2 89
1 4 y
3 90 94
4 50 30 5
3 27 28
2 76
3 10 12
4 31 96 23
4 10 70 45
1 20 r
2 26
2 31
3 18 72
3 20 60
1 66 v
2 33
3 44 91
1 56 h
3 7 47
2 35
2 28
2 67
1 79 v
2 80
4 6 61 18
4 13 66 76
2 38
2 69
2 79
1 96 f
3 43 91
4 15 6 16
2 10
3 28 38
4 5 55 88
2 70
3 60 75
3 13 91
4 36 65 12
3 21 76
1 24 n
4 88 89 6
2 90
4 21 12 71
2 2
2 8
4 69 37 4
3 11 70
2 6
2 76
3 38 39
3 63 78
2 13
1 33 x
3 26 83
3 44 72
4 35 55 2
2 2
1 17 y
4 65 1 14
1 19 e
1 23 e
4 11 21 52
2 54
2 7
4 70 26 18
3 31 62
1 84 p
1 34 n
4 60 60 14
1 60 n
1 87 r
4 32 55 21
3 53 86
2 87
3 87 92
1 63 x
1 20 o
1 10 d
4 45 63 16
4 26 4 2
4 31 65 34
2 88
3 27 69
1 92 v
1 48 t
4 59 81 19
2 59
4 45 38 11
2 52
2 66
1 76 v
3 58 69
4 51 48 28
2 55
2 59
4 3 1 18
4 34 77 11
2 93
2 12
4 71 12 12
1 85 e
2 18
3 22 69
1 72 z
2 62
4 31 67 35
3 60 86
3 18 19
4 0 8 50
4 28 28 52
1 46 c
2 64
4 23 39 34
3 57 76
4 75 52 14
3 20 31
2 37
4 13 82 62
2 57
3 5 59
3 35 87
4 5 62 26
3 37 84
1 28 m
1 50 z
1 65 i
2 6
4 54 36 27
4 42 69 23
2 23
1 38 z
4 4 53 45
4 34 3 54
3 21 63
1 9 o
2 27
2 59
2 44
3 28 50
3 8 41
4 33 59 13
1 20 d
2 45
1 23 e
1 38 d
4 6 55 84
1 78 u
4 22 51 50
3 22 26
3 83 90
3 59 60
3 17 76
4 21 62 68
3 22 71
4 7 6 3
1 70 v
2 79
1 60 h
3 30 82
2 41
4 32 30 47
2 47
4 31 37 39
1 51 a
3 7 16
3 11 32
3 1 65
2 60
4 46 67 42
4 58 18 11
4 32 33 43
3 8 10
2 85
3 40 50
1 4 j
3 81 87
1 78 a
3 45 74
1 5 r
4 21 81 29
4 1 48 40
3 14 26
4 5 28 50
3 4 21
2 7
1 54 a
3 58 62
3 56 92
2 37
3 48 53
4 24 73 13
4 59 30 25
2 64
3 40 53
4 38 10 5
3 19 66
2 23
1 75 n
4 2 69 19
1 78 e
1 43 a
4 43 73 15
3 83 88
3 20 83
2 85
1 69 q
4 52 47 23
4 12 31 18
1 10 o
4 30 27 19
3 6 35
4 29 38 33
4 55 44 32
2 90
3 12 52
2 65
1 24 s
3 37 58
3 40 46
2 90
1 11 i
4 14 46 47
4 77 93 3
1 9 y
1 55 d
3 28 78
4 28 89 59
4 82 2 10
3 88 88
3 47 73
3 9 57
3 0 32
2 16
1 62 a
1 90 f
4 39 2 2
3 44 84
2 1
3 23 31
3 77 88
2 33
4 65 37 23
3 55 73
3 75 81
4 34 90 22
3 7 94
1 6 a
4 4 65 47
4 41 91 7
4 28 2 49
3 32 70
2 17
4 15 9 41
3 15 40
4 10 66 39
3 58 91
3 0 80
4 26 61 10
2 67
4 48 28 41
1 63 r
2 86
3 54 57
2 59
2 12
4 43 1 3
1 64 b
3 21 69
1 0 u
3 54 55
1 64 j
1 41 c
3 45 55
4 10 32 32
3 22 71
